UniProt_ID,MUTATION,set
P00593,WT,-
P09403,WT,-
P10599,WT,-
P07445,WT,-
Q9R2S1,WT,-
Q9S3M0,WT,-
P19079,WT,-
P04271,WT,-
Q7Z7M3,WT,-
Q7SIF8,WT,train
O25103,WT,-
Q64010,WT,-
P02752,WT,-
P00149,WT,-
P00025,WT,train
P80366,WT,-
Q7SSI0,WT,-
Q60034,WT,-
P00792,WT,test
Q29463,WT,-
P00041,WT,-
P80401,WT,-
P00947,WT,-
P00805,WT,-
Q5DVG3,WT,-
O95363,WT,-
P48816,WT,-
P00558,WT,-
Q03689,WT,-
P21207,WT,-
P13726,WT,-
P00912,WT,-
P05112,WT,-
P14208,WT,-
P68106,WT,-
O66926,WT,-
P0A6K3,WT,-
P01501,WT,-
P04156,G127V,train
P00593,H70N,-
P00593,H70Q,-
P00593,H70A,-
P01053,I40L,train
P01053,R68A,train
P00593,F44Y,-
P00593,F44I,-
P00593,F44A,-
P00593,F128Y,-
P00593,F128I,-
P0A825,W16Y,train
P0A825,W385F,train
P02754,W35Y,train
P0AA04,S31A,train
P00094,P56A,-
P00094,G55S,-
P08877,S46D,train
P07311,Y12F,train
P07311,Y12I,train
P07311,V18A,train
P07311,V21A,train
P07311,F23L,train
P07311,E30D,train
P07311,V37A,train
P07311,W39F,train
P07311,V40A,train
P07311,T43A,train
P07311,G46A,train
P07311,V48A,train
P07311,P55A,train
P07311,M62A,train
P07311,W65A,train
P07311,P72A,train
P07311,I76V,train
P07311,E84D,train
P07311,I87V,train
P07311,L90A,train
P07311,F95L,train
P07311,A29E,train
P07311,G31A,train
P0A3E0,V19I,train
P0A3E0,I23A,train
P0A3E0,I23G,train
P0A3E0,L51A,train
P0A3E0,G69A,train
P0A3E0,V84I,train
P0A3E0,A102V,train
P0A3E0,E108A,train
P0A3E0,Q112G,train
P08463,P7A,-
P08463,P20A,-
P08463,P29A,-
P08463,P44A,-
P08463,P52A,-
P08463,P58A,-
P08463,P90A,-
P08463,P92A,-
P08463,P90G,-
P08463,P92G,-
P08463,S28A,-
P08463,S28G,-
P08463,V89A,-
P08463,V89G,-
P39476,V4A,train
P39476,K7A,train
P39476,E12A,train
P39476,V15A,train
P39476,I17A,train
P39476,S18A,train
P39476,V23A,train
P39476,R25A,train
P39476,G27A,train
P39476,I30A,train
P39476,S31A,train
P39476,F32A,train
P39476,D35A,train
P39476,G37A,train
P39476,T41A,train
P39476,R43A,train
P39476,A45G,train
P39476,V46A,train
P39476,S47A,train
P39476,A51G,train
P39476,L55A,train
P39476,L56A,train
P39476,Q57G,train
P39476,L59A,train
P00712,A49T,train
P00712,A49I,train
P00712,T52I,train
P01584,R120Q,-
P01584,R120P,-
P01584,L122A,-
P01584,N123G,-
P01584,N123D,-
P01584,C124A,-
P01584,C124S,-
P01584,L126A,-
P00282,V25A,train
P00282,I27A,train
P00282,V80G,train
P00282,A102G,train
P00282,L145A,train
P05798,Y30F,train
P05798,Y49F,train
P05798,Y51F,train
P05798,Y52F,train
P05798,Y55F,train
P05798,Y80F,train
P05798,Y81F,train
P05798,Y86F,train
P30289,Y53F,-
P30289,Y75F,-
P30289,Y96F,-
P30289,Y97F,-
P30289,Y100F,-
P30289,Y125F,-
P30289,Y126F,-
P30289,Y131F,-
P01009,A55V,train
P01009,A55I,train
P01009,A55L,train
P01009,A55P,train
P01009,V79I,train
P01009,V79L,train
P01009,V169I,train
P01009,V169L,train
P01009,V197I,train
P01009,V197L,train
P01009,A207V,train
P01009,A207I,train
P01009,A207L,train
P01009,A207F,train
P01009,A272V,train
P01009,A272I,train
P01009,A272F,train
P01009,A274V,train
P01009,A274I,train
P01009,A274L,train
P01009,A308V,train
P01009,A308I,train
P01009,V345I,train
P01009,V345L,train
P01009,V388I,train
P01009,V388L,train
P00712,T48V,train
P00651,V104C,train
P07445,Y16S,-
P07445,Y32S,-
P07445,Y57S,-
P13444,R265H,-
P01053,I49A,train
P01053,V67A,train
P01053,L69A,train
P01053,I77A,train
P62942,W60F,-
P62942,W60L,-
P00044,K17Q,test
P00044,K28Q,test
P00044,K33Q,test
P05230,N121G,train
P05230,H108G,train
P05230,H108A,train
P05230,H108N,train
P05230,G77A,train
P05230,G77N,train
P05230,A118G,train
P00648,T53P,train
P00648,D55G,train
P00648,D55S,train
P00648,D59S,train
P00648,T63G,train
P00648,T63A,train
P00648,Y64S,train
P00648,H65S,train
P00648,H65N,train
P00648,H65D,train
P00648,H65R,train
P00648,T73D,train
P00648,S75G,train
P00648,S75A,train
P00648,E76S,train
P00648,Q78G,train
P00648,G81A,train
P00648,G81S,train
P00648,G81N,train
P00648,G81D,train
P00648,G81H,train
P00648,G81K,train
P00648,G81R,train
P00648,G81T,train
R9S082,L30A,train
R9S082,I31A,train
R9S082,L33A,train
P0A7Y4,I53V,train
P0A7Y4,I53L,train
P0A7Y4,I53F,train
P41016,E50W,train
P00648,A79R,train
P00648,A79K,train
P00648,A79M,train
P00648,A79L,train
P00648,A79S,train
P00648,A79Q,train
P00648,A79E,train
P00648,A79N,train
P00648,A79F,train
P00648,A79D,train
P00648,A79H,train
P00648,A79T,train
P00648,A79I,train
P00648,A79Y,train
P00648,A79V,train
P00648,A79W,train
P00648,A79C,train
P00648,A79P,train
P02945,S48A,train
P02945,D49A,train
P02945,P50A,train
P02945,D51A,train
P02945,K53A,train
P02945,K54A,train
P02945,F55A,train
P02945,Y56A,train
P02945,I58A,train
P02945,T59A,train
P02945,T60A,train
P02945,L61A,train
P02945,V62A,train
P02945,P63A,train
P02945,I65A,train
P02945,F67A,train
P02945,T68A,train
P02945,M69A,train
P02945,Y70A,train
P02945,L71A,train
P02945,S72A,train
P02945,M73A,train
P02945,L74A,train
P02945,L75A,train
P03050,V22A,-
P03050,I37V,-
P03050,V41A,-
P03050,F45A,-
P01584,T125A,-
P01584,T125L,-
P01584,K213R,-
P01584,K213G,-
P01584,K213V,-
P01051,V14A,train
P01051,V18A,train
P01051,L27A,train
P01051,V54A,train
P01051,V62A,train
P01053,T59D,train
P01053,T59A,train
P01053,T23V,train
P01053,T23G,train
P01053,I50A,train
P01053,I50G,train
P01053,I50T,train
P01053,V54G,train
P01053,A78G,train
P01053,V80T,train
P01053,V80A,train
P01053,V80G,train
P01053,V83T,train
P01053,V83A,train
P01053,V83G,train
P02417,M1G,train
P02417,M1A,train
P02417,V3I,train
P02417,V3L,train
P02417,V3A,train
P02417,I4V,train
P02417,I4A,train
P02417,L6I,train
P02417,L6V,train
P02417,L6A,train
P02417,V21I,train
P02417,V21L,train
P02417,V21A,train
P02417,L30V,train
P02417,L30A,train
P01053,K22A,train
P01053,K22M,train
P01053,P26A,train
P01053,E27A,train
P01053,E27Q,train
P01053,K31A,train
P01053,A36G,train
P01053,K37G,train
P01053,L41A,train
P01053,L41G,train
P01053,Q42A,train
P01053,Q42G,train
P01053,D43A,train
P01053,K44G,train
P01053,P45A,train
P01053,E46A,train
P01053,L52I,train
P01053,P53A,train
P01053,T56S,train
P01053,T56V,train
P01053,T56A,train
P01053,I57A,train
P01053,V58A,train
P01053,R63A,train
P01053,D65A,train
P01053,F70V,train
P01053,F70A,train
P01053,D72A,train
P01053,K73N,train
P01053,N76D,train
P01053,N76A,train
P01053,P81A,train
P00171,S76L,train
P00648,S75E,train
P00648,F54L,train
P00648,T53S,train
P00648,T53N,train
P00648,T53D,train
P00648,T53Q,train
P00648,T53E,train
P00648,T73S,train
P00648,T73V,train
P00648,T73N,train
P00648,T73Q,train
P00648,T73E,train
P02417,K7M,train
P02417,K10M,train
P02417,K14M,train
P02417,K15M,train
P02417,D8N,train
P02417,E17Q,train
P02417,E38Q,train
P02417,E48Q,train
P02417,E54Q,train
P00712,W123F,train
P02417,F5V,train
P0AE67,A48G,train
P0AE67,A74G,train
P0AE67,A77G,train
P0AE67,A80G,train
P0AE67,A88G,train
P0AE67,A90G,train
P0AE67,A99G,train
P0AE67,A101G,train
P0AE67,A113G,train
P0AE67,A114G,train
P00648,Y71F,train
P00648,I72A,train
P00648,I98A,train
P0A3D9,V19I,train
P0A3D9,V19L,train
P0A3D9,V84I,train
P0A3D9,G88A,train
P0A3D9,G88V,train
P0A3D9,G88L,train
P0A3D9,A102V,train
P0A3D9,A102L,train
P00094,K33D,-
P00094,K35E,-
P00094,K53E,-
P00648,Q62I,train
P00648,K66R,train
P00648,E76Q,train
P00648,D91E,train
P00648,G112S,train
P00648,K113A,train
P00648,T126V,train
P00648,S132A,train
P00648,I135L,train
P00648,K155R,train
P69542,I6V,-
P69542,F13T,-
P69542,L28V,-
P69542,L32Y,-
P69542,C33M,-
P69542,C33V,-
P69542,Y41F,-
P69542,V45C,-
P69542,H64C,-
P69542,L65P,-
P69542,F73W,-
P69542,M77I,-
P69542,M77V,-
P69542,R82C,-
P69542,A86T,-
P69542,A86V,-
P00720,A42G,train
P00720,I50A,train
P00720,V87A,train
P00720,A130G,train
P00720,I150V,train
P00648,W141Y,train
P00648,W141F,train
P00648,W141L,train
P00648,Y60F,train
P00648,Y64F,train
P08505,H57A,-
P00648,E120F,train
P00648,E120Q,train
P00648,E120W,train
P00149,A125H,-
P00149,K118H,-
P00149,A112H,-
P00149,K105H,-
P00149,E94H,-
P00149,A87H,-
P00149,D79H,-
P00149,K70H,-
P00149,K60H,-
P00149,K52H,-
P00149,K41H,-
P00149,K34H,-
P00149,D24H,-
P00509,T6A,-
P00509,N282R,-
P02633,D23N,-
P02633,E30Q,-
P37001,A110G,-
P37001,Y112G,-
P00929,A18G,train
P05798,R40E,train
P69542,D36N,-
P69542,I47T,-
P02633,P24G,-
P02633,Y17F,-
P00560,H389Q,train
P00025,K74M,train
P00025,K74Y,train
P00025,K74F,train
P00025,K74W,train
P00648,R116S,train
P00648,D140N,train
P00648,R116K,train
P00648,R116M,train
P00648,R130K,train
P00648,R130Q,train
P62942,V3A,-
P62942,V5A,-
P62942,V24A,-
P62942,V25A,-
P62942,F37A,-
P62942,L51A,-
P62942,V56A,-
P62942,I57A,-
P62942,I57D,-
P62942,I57T,-
P62942,I77A,-
P62942,I92A,-
P62942,I92V,-
P62942,L107A,-
P62942,T22S,-
P62942,T22V,-
P62942,T22A,-
P62942,T28S,-
P62942,T28V,-
P62942,T28A,-
P62942,T76V,-
P69542,C33A,-
P69542,C33I,-
P69542,C33L,-
P69542,C33T,-
P69542,V35T,-
P69542,L37A,-
P69542,L37C,-
P69542,L37I,-
P69542,L37T,-
P69542,L37V,-
P69542,V45A,-
P69542,V45L,-
P69542,V45T,-
P69542,L49A,-
P69542,L49C,-
P69542,L49I,-
P69542,L49T,-
P69542,L49V,-
P69542,V63C,-
P69542,V63T,-
P69542,S67C,-
P69542,S67T,-
P69542,F68V,-
P69542,I78C,-
P69542,I78T,-
P69542,I78V,-
P69542,L81C,-
P69542,L81T,-
P69542,L81V,-
P69542,V19C,-
P69542,V19T,-
P69542,K24V,-
P69542,Y26R,-
P69542,E30N,-
P69542,L32H,-
P69542,L32R,-
P69542,L32W,-
P69542,E40C,-
P69542,E40T,-
P69542,Y41A,-
P69542,V43C,-
P69542,V43T,-
P69542,T48C,-
P69542,T48V,-
P69542,T62C,-
P69542,T62V,-
P69542,V70T,-
P69542,M77A,-
P69542,M77C,-
P69542,M77F,-
P69542,M77L,-
P69542,M77T,-
P00044,K79V,test
P00044,K79I,test
P0A9X9,F31L,test
P0A9X9,F20L,test
P0A9X9,F18L,test
P0A9X9,F31S,test
P0A9X9,F20S,test
P0A9X9,F18S,test
P0A7Y4,S68G,train
P0A7Y4,S68A,train
P0A7Y4,S68T,train
P0A7Y4,S68V,train
P0A7Y4,S68L,train
P0AA25,P77A,test
P00648,R106A,train
P00648,H149A,train
P00648,S104A,train
P01308,S98D,train
P01308,H34E,train
P01308,H34T,train
P01308,T97A,train
P01308,T97H,train
P01308,T97R,train
P01308,Y50T,train
P01308,F49H,train
P01308,F49D,train
P01053,L21M,train
P00648,I123T,train
P67881,V93A,train
P11540,C41A,test
P11540,C83A,test
P00044,K79G,test
P00044,K79A,test
P00044,K79L,test
P00044,K79R,test
P00593,F128A,-
P02925,V75E,train
P02925,A52T,train
P0AEX9,V34G,test
P0AEX9,G45C,test
P0AEX9,Y309D,test
P0AEX9,T371I,test
P0AEX9,D81N,test
P04925,M128V,train
P04925,V179I,train
P04925,T182A,train
P04925,T189V,train
P04925,F197S,train
P04925,E199K,train
P04925,R207H,train
P04925,V209I,train
P04925,Q216R,train
P01607,P66L,train
P04637,E326A,train
P04637,F328A,train
P04637,T329A,train
P04637,Q331A,train
P04637,R333A,train
P04637,R335A,train
P04637,E336A,train
P04637,R337A,train
P04637,F338A,train
P04637,E339A,train
P04637,M340A,train
P04637,R342A,train
P04637,E343A,train
P04637,N345A,train
P04637,E346A,train
P04637,A347G,train
P04637,E349A,train
P04637,L350A,train
P04637,K351A,train
P04637,D352A,train
P08921,L38V,train
P08921,V52A,train
P08921,A62G,train
P08921,L72V,train
P08921,L117V,train
P00651,A47G,train
P00651,G49A,train
P00651,D75A,train
P00811,Y166F,train
P04637,F328L,train
P04637,L330F,train
P04637,M340I,train
P04637,F341I,train
P04637,L344F,train
P04637,L344I,train
P0AEX9,W36A,test
P05413,F17Y,-
P05413,F58S,-
P05413,Y129F,-
P05413,T41E,-
P05413,T41Q,-
P05413,T41V,-
P05413,R107T,-
P05413,R127K,-
P05413,R127Q,-
P07445,Y16F,-
P07445,Y32F,-
P07445,Y57F,-
P07445,V101L,-
P06654,T275A,train
P06654,D272A,train
P03050,Q9G,-
P03050,R16G,-
P03050,E17G,-
P03050,D20G,-
P03050,R23G,-
P03050,K24G,-
P03050,E27G,-
P03050,E28G,-
P03050,N34G,-
P03050,S35G,-
P03050,Q39G,-
P03050,K46G,-
P03050,K47G,-
P03050,E48G,-
P00651,D75H,train
P05798,D17K,train
P05798,D25H,train
P05798,E41K,train
P00651,P99V,train
P0A877,E49G,train
P0A877,E49A,train
P0A877,E49I,train
P0A877,E49L,train
P0A877,E49P,train
P0A877,E49F,train
P0A877,E49W,train
P0A877,E49H,train
P0A877,E49K,train
P0A877,E49N,train
P0A877,E49D,train
P0A877,E49C,train
P0A877,E49T,train
P01009,F75L,train
P01009,T83A,train
P01009,T92A,train
P01009,A94G,train
P01009,M398I,train
P01009,S405A,train
P01009,K411R,train
P02633,L10V,-
P02633,F14A,-
P02633,L27A,-
P02633,L27G,-
P02633,L32A,-
P02633,V65A,-
P02633,V65G,-
P02633,F70W,-
P02633,F70A,-
P02633,V74L,-
P02633,I77V,-
P0AE67,D12A,train
P0AE67,D13A,train
P0AE67,D57A,train
P06654,I232L,train
P00805,T34A,-
P00805,T34S,-
P00805,T141A,-
P00805,S144A,-
P04156,Q212P,train
P04156,D178N,train
P04156,P105L,train
P04156,V203I,train
O95363,S57C,-
O95363,N280S,-
P00558,E252A,-
P00558,T378P,-
P05230,C31A,train
P05230,C31S,train
P05230,C31T,train
P05230,C31V,train
P05230,C98A,train
P05230,C98S,train
P05230,C98T,train
P05230,C98V,train
P05230,C132A,train
P05230,C132S,train
P05230,C132T,train
P05230,C132V,train
P00651,I87V,train
P00651,L112A,train
P00651,I116V,train
P13726,R232W,-
P00912,S212C,-
P08058,F26I,-
P08058,F26Y,-
P01308,P52A,train
P01308,K53G,train
P00044,N58Q,test
P00044,N58S,test
P00044,N58H,test
P00044,N58T,test
P00044,N58A,test
P00044,N58V,test
P00044,N58M,test
P00044,N58L,test
P00044,N58F,test
P69797,W12F,train
P69797,W33F,train
P69797,W69F,train
P09012,Y13F,-
P09012,Y13T,-
P09012,Y31F,-
P09012,Y31S,-
P09012,Y78F,-
P09012,Y78D,-
P09012,Y86F,-
P09012,Y86T,-
P62942,Q4E,-
P62942,R19K,-
P62942,E32Q,-
P62942,D33N,-
P62942,D38S,-
P62942,R43A,-
P62942,M50R,-
P62942,R58K,-
P62942,H95N,-
P62942,K106N,-
P62942,K45E,-
P62942,T22K,-
P62942,T97D,-
P62942,K18D,-
P62942,S68E,-
P62942,Q71D,-
P00807,D170N,train
P00644,M108I,train
P00644,M147I,train
P00644,M180I,train
P00644,M108L,train
P00644,M147L,train
P00644,V105I,train
P00644,V105L,train
P00644,V121I,train
P00644,V121L,train
P00644,V133I,train
P00644,V133L,train
P00644,V148I,train
P00644,V156I,train
P00644,V156L,train
P00644,V181I,train
P00644,V181L,train
P00644,V186I,train
P00644,V186L,train
P00644,V193I,train
P00644,V193L,train
P00644,V196I,train
P00644,V196L,train
P00644,I97L,train
P00644,I97M,train
P00644,I100L,train
P00644,I154L,train
P00644,I154M,train
P00644,I174L,train
P00644,I174M,train
P00644,I221L,train
P00644,I221M,train
P00644,L89I,train
P00644,L89V,train
P00644,L96I,train
P00644,L96V,train
P00644,L107I,train
P00644,L107V,train
P00644,L118I,train
P00644,L118V,train
P00644,L119I,train
P00644,L119V,train
P00644,L120I,train
P00644,L120V,train
P00644,L171I,train
P00644,L171V,train
P00644,L185I,train
P00644,L185V,train
P00644,L190I,train
P00644,L190V,train
P00644,L207I,train
P00644,L207V,train
P00644,L219I,train
P00644,L219V,train
P00644,T95I,train
P00282,H137G,train
P00282,H66G,train
P02693,G45P,-
P02693,G66P,-
P02693,G100P,-
P02693,G111P,-
P02693,G122P,-
P00644,V148K,train
P00644,D122A,train
P00644,D122G,train
P00644,D225A,train
P00644,D225G,train
P00644,D228A,train
P00644,D228G,train
P00644,E92A,train
P00644,E92G,train
P00644,E125A,train
P00644,E125G,train
P00644,E139A,train
P00644,E139G,train
P00644,E149A,train
P00644,E149G,train
P00644,E155G,train
P00644,E157G,train
P00644,E183A,train
P00644,E183G,train
P00644,E204A,train
P00644,E204G,train
P00644,E211A,train
P00644,E211G,train
P00644,E217A,train
P00644,E217G,train
P00644,E224A,train
P00644,E224G,train
P00644,K87A,train
P00644,K87G,train
P00644,K88A,train
P00644,K88G,train
P00644,K91A,train
P00644,K91G,train
P00644,K106A,train
P00644,K106G,train
P00644,K130A,train
P00644,K130G,train
P00644,K135A,train
P00644,K135G,train
P00644,K145A,train
P00644,K145G,train
P00644,K146A,train
P00644,K146G,train
P00644,K152A,train
P00644,K152G,train
P00644,K153A,train
P00644,K153G,train
P00644,K160A,train
P00644,K160G,train
P00644,K166A,train
P00644,K166G,train
P00644,K179A,train
P00644,K179G,train
P00644,K192A,train
P00644,K192G,train
P00644,K198A,train
P00644,K209A,train
P00644,K209G,train
P00644,K215A,train
P00644,K215G,train
P00644,K216A,train
P00644,K216G,train
P00644,H90A,train
P00644,H90G,train
P00644,H128A,train
P00644,H128G,train
P00644,H203A,train
P00644,H203G,train
P00644,H206A,train
P00644,H206G,train
P00644,R117A,train
P00644,R117G,train
P00644,R163A,train
P00644,R163G,train
P00644,R169A,train
P00644,R169G,train
P00644,R187A,train
P00644,R187G,train
P00644,R208A,train
P00644,R208G,train
P00644,E92K,train
P00644,E92Q,train
P00644,D101K,train
P00644,D101N,train
P00644,K110E,train
P00644,K110Q,train
P00644,K130E,train
P00644,K130Q,train
P00644,E139K,train
P00644,E139Q,train
P00644,K145E,train
P00644,K145Q,train
P00644,K146E,train
P00644,K146Q,train
P00644,E149Q,train
P00644,K152E,train
P00644,K152Q,train
P00644,E155K,train
P00644,E155Q,train
P00644,E157K,train
P00644,E157Q,train
P00644,D159K,train
P00644,D159N,train
P00644,K160E,train
P00644,K160Q,train
P00644,K166E,train
P00644,K166Q,train
P00644,K179E,train
P00644,K179Q,train
P00644,E204K,train
P00644,E204Q,train
P00644,H206E,train
P00644,H206Q,train
P00644,K209E,train
P00644,K209Q,train
P00644,K215Q,train
P00644,E217K,train
P00644,E217Q,train
P00644,D225K,train
P00644,D225N,train
P83876,G126D,-
O26594,V92L,-
P00644,A94G,train
P00644,A94V,train
P00644,A99G,train
P00644,A99V,train
P00644,A140G,train
P00644,A140V,train
P00644,A151G,train
P00644,A151V,train
P00644,A172G,train
P00644,A172V,train
P00644,A176G,train
P00644,A176V,train
P00644,A184G,train
P00644,A184V,train
P00644,A191G,train
P00644,A191V,train
P00644,A194G,train
P00644,A194V,train
P00644,A212G,train
P00644,A212V,train
P00644,A214G,train
P00644,A214V,train
P00644,A227G,train
P00644,A227V,train
P00644,P93G,train
P00644,P93A,train
P00644,P113G,train
P00644,P113A,train
P00644,P124G,train
P00644,P124A,train
P00644,P129G,train
P00644,P129A,train
P00644,P138G,train
P00644,P138A,train
P00644,P199A,train
P00644,G102A,train
P00644,G102V,train
P00644,G111V,train
P00644,G132V,train
P00644,G137A,train
P00644,G137V,train
P00644,G161V,train
P00644,G168V,train
P00644,G170A,train
P00644,G178V,train
P00644,G189V,train
P00644,N150G,train
P00644,N150A,train
P00644,N182G,train
P00644,N182A,train
P00644,Q112G,train
P00644,Q112A,train
P00644,Q162G,train
P00644,Q162A,train
P00644,Q188G,train
P00644,Q188A,train
P00644,Q205G,train
P00644,Q205A,train
P00644,Q213G,train
P00644,Q213A,train
P00644,Q231G,train
P00644,S141G,train
P00644,S210G,train
P00644,S223G,train
P00644,T86G,train
P00644,T86A,train
P00644,T95G,train
P00644,T95A,train
P00644,T104G,train
P00644,T104A,train
P00644,T115G,train
P00644,T115A,train
P00644,T123G,train
P00644,T123A,train
P00644,T126G,train
P00644,T126A,train
P00644,T164G,train
P00644,T164A,train
P00644,T202G,train
P00644,T202A,train
P22069,F28T,train
P22069,F28A,train
P22069,F36Y,train
P00644,Y173S,train
P00644,Y109C,train
P00644,Y109E,train
P00644,Y109H,train
P00644,Y109I,train
P00644,Y109K,train
P00644,Y109M,train
P00644,Y109N,train
P00644,Y109Q,train
P00644,Y109R,train
P00644,Y109S,train
P00644,Y109T,train
P00644,Y109V,train
P00644,Y109W,train
P00644,V105F,train
P00644,E157V,train
P00644,G161D,train
P00644,P199L,train
P00644,K91F,train
P00644,P93F,train
P00644,K98F,train
P00644,K106F,train
P00644,S141F,train
P00644,A142F,train
P00644,K145F,train
P00644,K146F,train
P00644,K153F,train
P00644,D165F,train
P00644,D177F,train
P00644,K179F,train
P00644,A184F,train
P00644,P199F,train
P00644,H206F,train
P00644,E211F,train
P00644,Q213F,train
P00644,K215F,train
P0ABQ4,V88A,train
P0ABQ4,V88I,train
P0ACJ8,S129A,train
P0ACJ8,S129P,train
P01857,Q230A,train
P01857,Y232A,train
P01857,T233A,train
P01857,L234A,train
P01857,T249A,train
P01857,L251A,train
P01857,K253A,train
P01857,K275A,train
P01857,T277A,train
P01857,P278A,train
P01857,V280A,train
P01857,L281A,train
P01857,D282A,train
P01857,F288A,train
P01857,Y290A,train
P01857,K292A,train
P00044,P77V,test
P00044,P77T,test
P00044,P77I,test
P00644,L89A,train
P00644,L89G,train
P00644,L96A,train
P00644,L96G,train
P00644,L107A,train
P00644,L107G,train
P00644,L171A,train
P00644,L171G,train
P00644,L207A,train
P00644,L219A,train
P00644,L219G,train
P00644,V121A,train
P00644,V121G,train
P00644,V156A,train
P00644,V181A,train
P00644,V181G,train
P00644,V186A,train
P00644,V193G,train
P00644,V196A,train
P00644,V196G,train
P00644,I97V,train
P00644,I100V,train
P00644,I100A,train
P00644,I154V,train
P00644,I154A,train
P00644,I174A,train
P00644,I221V,train
P00644,I221A,train
P00644,I221G,train
P00644,M108A,train
P00644,M114A,train
P00644,M114G,train
P00644,M147A,train
P00644,M147G,train
P00644,M180A,train
P00644,M180G,train
P00644,Y167A,train
P00644,Y167G,train
P00644,Y173A,train
P00644,Y197A,train
P00644,Y197G,train
P00644,F116A,train
P00644,E125D,train
P00644,V105S,train
P00644,V156S,train
P00644,V181S,train
P00644,V186S,train
P00644,V193S,train
P00644,Y175L,train
P00592,H70Q,-
P00592,H70N,-
P00592,H70K,-
P00644,S28G,train
P00592,N111D,-
P08821,F50W,train
P08821,F79W,train
P00044,R19C_D96C_C108T,test
P11540,W39F_W45F_S13T_C41A,test
P11540,W39F_W45F_C41A_S13T,test
P01053,L52A_V58A_F70L,train
P01053,L52V_V58A_F70L,train
P09012,N15E_Q39E_N67E_Q85K,-
P00648,Q62I_T63R_K66R,train
P00648,Q62I_T63R_K66R_G112S_K113A_K155R,train
P02633,E21Q_D23N_E30Q,-
P05798,D1K_D17K_E41K_D25K_E74K_D79K_S31K,train
P05798,D1K_D17K_E41K_D25K_E74K_D79K,train
P05798,D1K_D17K_E41K_D25K_E74K,train
P05798,D1K_D17K_E41K,train
P05798,R40E_R63E_R65A,train
P05798,R40E_R63E_R65A_R68A_R69A,train
P0A9X9,F18L_F20L_F31L,test
P00509,C77A_C180A_C181A_C258A_C389A,-
P00044,R44A_N58I_C108A,test
P00044,R44A_F88S_C108A,test
P00044,N58I_F88S_C108A,test
P00044,R44A_N58I_F88S_C108A,test
P01308,T97H_H34D_F49H,train
P00648,I51A_I72V_I98V_Y125F,train
Q7SSI0,Q7K_L33I_L63I,-
P02647,W96F_W132F,train
P02647,W74F_W132F,train
P02647,W74F_W96F,train
P04637,I332V_M340I_F341L,train
P04637,I332V_F341L_L344I,train
P04637,F328L_I332V_F341L_L344I,train
P03050,Q9A_N11A_R13A,-
P03050,Q9G_N11G_R13G,-
P01009,T83A_T92A_A94G,train
P06654,L231V_I232V_L233F_V280L,train
P06654,I232V_L233V_F278L,train
P06654,L231F_I232L_L233I_F278V,train
P06654,L231M_L233I_F278L_V280I,train
P05230,K27V_C132V_P149V,train
P01308,H34D_P52V_K53P,train
P01308,H34D_P52D_K53P,train
P01308,H34D_P52E_K53P,train
P01308,H34D_P52Q_K53P,train
P00044,H32N_H39N_H45Q_C108S,test
P62942,E32Q_D33N_H95N,-
P62942,R41I_D42E_R43E_N44Y_K45E,-
P62942,T22K_V24K_K48E,-
P62942,T22K_V24K_K48E_K53E,-
P62942,T22K_V24K_K48E_K53E_K106E,-
P00644,H206L_P129G_P199G,train
P00644,V105I_L107I_V148I,train
P00644,V105I_L107I_V148L,train
P00644,V105I_L107V_V148I,train
P00644,V105I_L107V_V148L,train
P00644,V105L_L107V_V148L,train
P00644,V105L_L107V_V148I,train
P00644,V105L_L107I_V148I,train
P00644,V105L_L107I_V148L,train
P00644,V105I_L107I_I154V,train
P00644,V105I_L107I_I154L,train
P00644,V105I_L107V_I154V,train
P00644,V105I_L107V_I154L,train
P00644,V105L_L107V_I154V,train
P00644,V105L_L107V_I154L,train
P00644,V105L_L107I_I154V,train
P00644,V105L_L107I_I154L,train
P00644,V148I_I174V_V181I,train
P00644,V148L_I174V_V181I,train
P00644,V148I_I174V_V181L,train
P00644,V148L_I174V_V181L,train
P00644,V148L_I174L_V181L,train
P00644,V148I_I174L_V181L,train
P00644,V148L_I174L_V181I,train
P00644,V148I_I174L_V181I,train
P00644,I154V_I174V_V181I,train
P00644,I154L_I174V_V181I,train
P00644,I154V_I174V_V181L,train
P00644,I154L_I174V_V181L,train
P00644,I154L_I174L_V181L,train
P00644,I154V_I174L_V181L,train
P00644,I154L_I174L_V181I,train
P00644,I154V_I174L_V181I,train
P00644,V105I_V148I_I154L,train
P00644,V105I_V148I_I154V,train
P00644,V105I_V148L_I154L,train
P00644,V105I_V148L_I154V,train
P00644,V105L_V148I_I154L,train
P00644,V105L_V148I_I154V,train
P00644,V105L_V148L_I154L,train
P00644,V105L_V148L_I154V,train
P00644,L107I_V148I_I154L,train
P00644,L107I_V148I_I154V,train
P00644,L107I_V148L_I154L,train
P00644,L107I_V148L_I154V,train
P00644,L107V_V148I_I154L,train
P00644,L107V_V148I_I154V,train
P00644,L107V_V148L_I154L,train
P00644,L107V_V148L_I154V,train
P00644,V148I_I154L_I174L,train
P00644,V148I_I154V_I174L,train
P00644,V148L_I154L_I174L,train
P00644,V148L_I154V_I174L,train
P00644,V148I_I154L_I174V,train
P00644,V148I_I154V_I174V,train
P00644,V148L_I154L_I174V,train
P00644,V148L_I154V_I174V,train
P00644,V148I_I154L_V181L,train
P00644,V148I_I154V_V181L,train
P00644,V148L_I154L_V181L,train
P00644,V148L_I154V_V181L,train
P00644,V148I_I154L_V181I,train
P00644,V148I_I154V_V181I,train
P00644,V148L_I154L_V181I,train
P00644,V148L_I154V_V181I,train
P00644,V105I_L107I_V148I_I154V,train
P00644,V105I_L107I_V148I_I154L,train
P00644,V105I_L107I_V148L_I154L,train
P00644,V105I_L107I_V148L_I154V,train
P00644,V105I_L107V_V148I_I154V,train
P00644,V105I_L107V_V148I_I154L,train
P00644,V105I_L107V_V148L_I154L,train
P00644,V105I_L107V_V148L_I154V,train
P00644,V105L_L107I_V148I_I154V,train
P00644,V105L_L107I_V148I_I154L,train
P00644,V105L_L107I_V148L_I154L,train
P00644,V105L_L107I_V148L_I154V,train
P00644,V105L_L107V_V148I_I154V,train
P00644,V105L_L107V_V148I_I154L,train
P00644,V105L_L107V_V148L_I154L,train
P00644,V105L_L107V_V148L_I154V,train
P00644,V148I_I154V_I174V_V181I,train
P00644,V148I_I154V_I174V_V181L,train
P00644,V148I_I154V_I174L_V181I,train
P00644,V148I_I154V_I174L_V181L,train
P00644,V148I_I154L_I174V_V181I,train
P00644,V148I_I154L_I174V_V181L,train
P00644,V148I_I154L_I174L_V181I,train
P00644,V148I_I154L_I174L_V181L,train
P00644,V148L_I154V_I174V_V181I,train
P00644,V148L_I154V_I174V_V181L,train
P00644,V148L_I154V_I174L_V181I,train
P00644,V148L_I154V_I174L_V181L,train
P00644,V148L_I154L_I174V_V181I,train
P00644,V148L_I154L_I174V_V181L,train
P00644,V148L_I154L_I174L_V181I,train
P00644,V148L_I154L_I174L_V181L,train
P00644,V105I_L107V_I154V_I174V,train
P00644,V105I_L107V_V148L_I154V_I174V,train
P00644,V105I_V148L_I154V_I174V,train
P00644,V105I_L107V_I154V_I174V_V181L,train
P00644,V105I_L107V_I154V_I174V_V181I,train
P00644,V105I_L107I_V148L_I154V_I174V,train
P00644,V105L_L107V_V148L_I154V_I174V,train
P42771,W15D_L37S_L121R,train
P00708,WT,train
O66529,WT,train
P29392,WT,test
P01071,WT,train
P00942,WT,train
P27797,WT,train
P62964,WT,train
Q96HL2,WT,train
P55273,WT,train
Q7M4T6,WT,test
P00649,WT,train
P00221,WT,train
O00095,WT,test
Q8NJY6,WT,test
Q8NJZ1,WT,train
P01008,WT,train
Q8NJY3,WT,train
Q54276,WT,train
O60880,WT,train
P18012,WT,train
Q56077,WT,train
O07529,WT,train
Q07923,WT,train
Q7SIA8,WT,train
O58720,WT,train
P50455,WT,test
P00173,WT,train
P07700,WT,train
Q65H53,WT,train
B3EYD3,WT,test
Q3HWZ5,WT,train
P06182,WT,train
P01092,WT,train
P02924,WT,train
P00889,WT,train
P08821,WT,train
Q56304,WT,train
P03695,WT,train
P0C1B3,WT,train
P0A759,WT,train
P20058,WT,train
P00749,WT,train
P04190,WT,test
P06450,WT,train
P16404,WT,train
P26748,WT,train
Q56319,WT,train
P00669,WT,train
O59170,WT,test
O59627,WT,train
P04168,WT,train
P04391,WT,test
P05645,WT,train
O60888,WT,train
Q109R6,WT,train
D0WVP7,WT,train
P14711,WT,train
Q9A1S2,WT,train
P27051,WT,train
P04525,WT,train
A0A515MEN7,WT,train
P08168,WT,train
P14756,WT,train
Q91472,WT,train
Q02307,WT,train
P51858,WT,train
P01241,WT,train
Q00441,WT,train
Q55080,WT,train
P18429,WT,test
P02522,WT,train
P19515,WT,train
O75365,WT,test
P37231,WT,train
P02931,WT,train
P0A910,WT,train
P26882,WT,train
P81662,WT,train
O43169,WT,test
O95571,WT,train
Q56221,WT,train
P77544,WT,train
P77739,WT,train
P16456,WT,train
P60595,WT,train
P0A9J8,WT,train
P0ABU2,WT,test
P75809,WT,train
P0A993,WT,test
P09030,WT,train
P0AB91,WT,train
P65556,WT,train
Q46845,WT,train
P0A6N8,WT,train
P45523,WT,train
P27830,WT,train
P33920,WT,train
P0A6R0,WT,train
P76193,WT,train
P76329,WT,train
P33221,WT,train
P37745,WT,train
P0A6E4,WT,train
P0A6V8,WT,train
P08179,WT,train
P37759,WT,test
P0ACY1,WT,train
P0A7D7,WT,train
P42641,WT,train
P0ACZ8,WT,train
P0A717,WT,train
P0AFF6,WT,train
P13445,WT,train
P09147,WT,train
P0AA43,WT,train
P69786,WT,train
P0A6X7,WT,train
P04949,WT,train
P77499,WT,train
P08312,WT,train
P0AEP3,WT,train
P18133,WT,train
P60906,WT,test
Q46920,WT,train
P0A805,WT,train
P0AG30,WT,train
P39199,WT,train
P24182,WT,train
P07623,WT,train
P0A9N4,WT,train
P0ACP7,WT,test
P23836,WT,train
Q57261,WT,train
P18843,WT,train
P39315,WT,train
P0AE06,WT,train
P0A8N3,WT,train
P0AEI1,WT,train
P33030,WT,train
P0A8Z0,WT,train
P0ACR9,WT,train
P0AEK4,WT,train
P23908,WT,train
P32680,WT,train
P23845,WT,train
Q9ZAG3,WT,test
Q93D82,WT,train
O00189,WT,train
B8C6L5,WT,train
A0A1E7EP28,WT,train
Q9S446,M155V,train
Q9S446,V193R,train
P04156,T183A,train
P00720,K16E,train
P00720,R154E,train
P00720,S44A,train
P00720,E45A,train
P00720,D47A,train
P00720,K48A,train
P0AA25,E86R,test
P03069,E259A,train
P03069,R273A,train
P43895,C190A,train
Q3HWZ5,C114A,train
P0A7Y4,D94E,train
P0A7Y4,K95G,train
P0A7Y4,K95A,train
P00720,I78M,train
P00720,L84M,train
P00720,L91M,train
P00720,I100M,train
P00720,V103M,train
P00720,L118M,train
P00720,L121M,train
P00720,L133M,train
P00720,A129L,train
P00720,A129M,train
P00720,Q105A,train
P00720,Q105E,train
P00720,Q105G,train
P00720,I58T,train
P00720,N101A,train
P00720,Q105M,train
P00720,V149A,train
P00720,V149S,train
P00720,V149C,train
P00720,V149T,train
P00720,V149G,train
P00720,T152A,train
P00720,T152S,train
P00720,T152C,train
P00720,T152V,train
P00720,T152I,train
P00720,Q69P,train
P00720,D72P,train
P00720,V111F,train
P00720,V111I,train
P02753,W42Y,train
P02753,W42F,train
P02753,W42L,train
P02753,W109H,train
P02753,W123F,train
P02753,R157Q,train
P61495,I11V,train
P41016,R3K,train
P41016,R3A,train
P41016,E21A,train
P62964,R112Q,train
P62964,R132Q,train
P62593,R162S,train
P00720,M102K,train
P00720,L133D,train
P00720,T26Q,train
P00720,T157I,train
P26514,W126A,test
P26514,W126F,test
P26514,W126H,test
P26514,Y213A,test
P26514,Y213F,test
P26514,Y213S,test
P26514,W307A,test
P26514,W307F,test
P26514,W307H,test
P26514,W315A,test
P26514,W315F,test
P26514,W315H,test
P00720,N55G,train
P00720,K124G,train
P00720,I3W,train
P00720,I3Y,train
P00720,I3F,train
P00720,I3V,train
P00720,I3M,train
P00720,I3C,train
P00720,I3T,train
P00720,I3S,train
P00720,I3G,train
P00720,I3E,train
P00720,I3D,train
P00720,K60P,train
P00720,A93P,train
P00720,G113A,train
P03051,D30G,train
P03051,D30Q,train
P03051,D30E,train
P03051,D30S,train
P03051,D30K,train
P03051,D30H,train
P03051,D30C,train
P03051,D30R,train
P03051,D30N,train
P03051,D30M,train
P03051,D30A,train
P03051,D30Y,train
P03051,D30L,train
P03051,D30F,train
P03051,D30T,train
P03051,D30V,train
P03051,D30W,train
P03051,D30I,train
P03051,D30P,train
P00720,C54V,train
P00720,A146T,train
P00720,S38N,train
P00720,D92N,train
P00720,T109D,train
P00720,T109N,train
P00720,N144H,train
P00720,G156D,train
P00720,P86R,train
P00720,P86D,train
P00720,P86H,train
P00720,V131A,train
P00720,A41V,train
P00720,E11F,train
P00720,E11M,train
P00720,E11A,train
P00720,G30A,train
P00720,G30F,train
P00720,S117V,train
P00720,S117I,train
P00720,N132M,train
P00720,N132F,train
P00720,N132I,train
P00720,E11H,train
P00720,E11N,train
P00720,D20N,train
P00720,D20T,train
P00720,D20S,train
P00720,D20A,train
P00720,L99V,train
P00720,L99I,train
P00720,L99F,train
P00720,F153V,train
P00720,F153I,train
P00720,T59N,train
P00720,T59S,train
P00720,T59D,train
P00720,T59G,train
P00720,T59V,train
P00720,T59A,train
P00698,F21Y,train
P00698,H33L,train
P00698,N37K,train
P00698,R39Q,train
P00698,F52Y,train
P00698,R86K,train
P00698,R91K,train
P00698,N95H,train
P00698,D119G,train
P00698,G120V,train
P00698,G120R,train
P00698,R132H,train
P00698,Q139H,train
P00698,A49V,train
P00698,A49I,train
P00698,A49L,train
P00698,D119S,train
P00698,D119A,train
P00698,D119F,train
P00698,D119R,train
P00698,D119K,train
P00698,D119N,train
P00698,D119E,train
P00698,D119Q,train
P00698,S109T,train
P00698,S109V,train
P00698,S109A,train
P00698,T58S,train
P00698,I73L,train
P00698,I73V,train
P00698,T58I,train
P00698,I73M,train
P00698,S109D,train
P00698,I73F,train
P00698,S109Y,train
P00698,I73A,train
P00698,I73T,train
P05798,N39D,train
P05798,N39S,train
P05798,N39A,train
P04789,D227N,train
P04789,D227A,train
P04789,R191S,train
P04789,R191A,train
Q7M4T6,F56A,test
P04789,C14F,train
O93627,E63S,test
O93627,R66S,test
P42771,T18R,train
P42771,A73E,train
P42771,L65K,train
P42771,L78G,train
P42771,V95K,train
P42771,R124D,train
P42771,R128E,train
O00095,A51V,test
O00095,W23Y,test
O00095,A51S,test
O00095,S55N,test
O00095,G57A,test
O00095,S79V,test
O00095,A82N,test
O00095,S93G,test
O00095,N107D,test
O00095,S159T,test
O00095,T179S,test
O00095,N183S,test
O00095,A204G,test
P41365,V235I,train
P41365,V246D,train
P41365,A306E,train
P05645,M256V,train
P05645,M256A,train
P05645,M256I,train
P05645,M256L,train
P05645,M256F,train
P01008,N167A,train
P00720,I78V,train
P00720,L118I,train
P00720,V87I,train
P00720,I100V,train
P00720,V103I,train
P00720,M106I,train
P00720,V111A,train
P00720,M120Y,train
P00720,L133F,train
P05798,T18V,train
P05798,T56V,train
P05798,T67V,train
P05798,T82V,train
P05798,T5V,train
P05798,T16V,train
P05798,T59V,train
P05798,T72V,train
P05798,V2T,train
P05798,V36T,train
P05798,V43T,train
P05798,V57T,train
P80040,T187C,train
O00095,G186C,test
O00095,P217C,test
O00095,V226C,test
Q8NJY3,C205G,train
Q8NJY3,C205S,train
Q8NJY3,C236P,train
Q8NJY3,C236S,train
Q8NJY3,C246V,train
Q8NJY3,C246S,train
P00942,C126A,train
P95467,E81Q,train
P95467,W74C,train
O60880,L31P,train
O60880,Y54C,train
O60880,F87S,train
O60880,R55L,train
O60880,E67D,train
O60880,G93D,train
P00282,K44R,train
P29160,K10M,train
P11961,V129A,train
P11961,V129G,train
P11961,I130V,train
P11961,I130A,train
P11961,I130G,train
P11961,A131G,train
P11961,Y138F,train
P11961,A139G,train
P11961,E141Q,train
P11961,E141A,train
P11961,D145N,train
P11961,D145A,train
P11961,V149A,train
P11961,V149G,train
P11961,V158A,train
P11961,L159V,train
P11961,L159A,train
P11961,L159G,train
P11961,D162N,train
P11961,I163V,train
P11961,D164N,train
P11961,D164A,train
P11961,D164G,train
P11961,L167V,train
P11961,L167A,train
P11961,A168G,train
P37487,H9Q,train
P37487,H76Q,train
P24058,W11A,train
P24058,W11M,train
P24058,W11R,train
P24058,W11Y,train
P24058,W11F,train
P24058,D117A,train
P24058,D117E,train
P03034,Y23W,train
P61495,T16V,train
P61495,F53L,train
P61495,P56E,train
P61495,R58L,train
P61495,V61I,train
P61495,L134N,train
P61495,H179K,train
P61495,V181T,train
P61495,D184H,train
P61495,S261N,train
P61495,P324T,train
P61495,A335E,train
P05798,D79Y,train
P05798,D79I,train
P05798,D79R,train
P05798,D79L,train
P05798,D79K,train
P05798,D79W,train
P05798,D79H,train
P05798,D79E,train
P05798,D33A,train
P00711,D33N,train
P18012,I40W,train
P18012,A106W,train
P18012,F136W,train
P18012,L154W,train
P18012,K326W,train
P18012,I336W,train
P18012,N341W,train
P18012,R362W,train
P04637,G334V,train
P41016,R56E,train
P41016,E21K,train
P41016,N55K,train
P41016,E36K,train
P41016,E50K,train
P41016,E12K,train
P00918,H107A,train
P00918,H107F,train
P00918,H107N,train
P00918,E117A,train
P50455,K152R,test
P50455,G154A,test
P50455,Y282L,test
P32851,K256A,train
P32851,Y257A,train
P32851,Q258A,train
P32851,K260A,train
P32851,R262A,train
P32851,R263A,train
P32851,K264A,train
P32851,K265A,train
P0AFG6,H125W,train
P0AFG6,A113G,train
P0AFG6,L114A,train
P0AFG6,S115G,train
P0AFG6,P116A,train
P0AFG6,A117G,train
P0AFG6,I118V,train
P0AFG6,I118A,train
P0AFG6,L121A,train
P0AFG6,L122A,train
P0AFG6,A123G,train
P0AFG6,L127A,train
P0AFG6,A129G,train
P0AFG6,A131G,train
P0AFG6,I132V,train
P0AFG6,T135S,train
P0AFG6,T135A,train
P0AFG6,V137G,train
P0AFG6,L141A,train
P0AFG6,T142S,train
P0AFG6,D145N,train
P0AFG6,V146A,train
P0AFG6,H149A,train
P0AFG6,H149G,train
P0AFG6,A151G,train
P0AFG6,L114W,train
P00720,R96K,train
P00720,R96Q,train
P00720,R96A,train
P00720,R96V,train
P00720,R96S,train
P00720,R96E,train
P00720,R96G,train
P00720,R96M,train
P00720,R96T,train
P00720,R96I,train
P00720,R96N,train
P00720,R96L,train
P00720,R96D,train
P00720,R96F,train
P00720,R96W,train
P00720,R96Y,train
P00720,R96P,train
P00720,K85A,train
P00720,D89A,train
Q13526,K6A,train
Q13526,L7A,train
Q13526,L7I,train
Q13526,L7V,train
Q13526,L7N,train
Q13526,P8A,train
Q13526,P8G,train
Q13526,P9A,train
Q13526,P9G,train
Q13526,G10A,train
Q13526,W11F,train
Q13526,E12A,train
Q13526,K13A,train
Q13526,R14A,train
Q13526,M15A,train
Q13526,S16A,train
Q13526,S16G,train
Q13526,R17A,train
Q13526,R17G,train
Q13526,S18A,train
Q13526,S18G,train
Q13526,S19A,train
Q13526,S19G,train
Q13526,G20A,train
Q13526,R21A,train
Q13526,R21G,train
Q13526,V22A,train
Q13526,Y23A,train
Q13526,Y23L,train
Q13526,Y23F,train
Q13526,Y24F,train
Q13526,Y24W,train
Q13526,F25A,train
Q13526,F25L,train
Q13526,F25Y,train
Q13526,N26D,train
Q13526,H27A,train
Q13526,H27G,train
Q13526,I28A,train
Q13526,I28G,train
Q13526,T29A,train
Q13526,T29G,train
Q13526,T29S,train
Q13526,T29D,train
Q13526,N30A,train
Q13526,N30G,train
Q13526,A31G,train
Q13526,S32A,train
Q13526,S32G,train
Q13526,Q33A,train
Q13526,W34A,train
Q13526,W34F,train
Q13526,E35A,train
Q13526,R36A,train
Q13526,S38A,train
Q13526,S38G,train
Q65H53,L52P,train
Q65H53,L134H,train
P0A7Y4,A125T,train
P0A7Y4,Q113P,train
P01012,S165A,train
P01012,S237A,train
P01012,S321A,train
P01012,R143A,train
P52003,L13M,test
P00651,Y71W,train
P06654,A249K,train
P00720,L39A,train
P00720,A42K,train
P06182,N57I,train
P0ABQ4,G121S,train
P0ABQ4,G121A,train
P0ABQ4,G121C,train
P0ABQ4,G121D,train
P0ABQ4,G121V,train
P0ABQ4,G121H,train
P0ABQ4,G121L,train
P0ABQ4,G121Y,train
P00720,M6I,train
P00720,A160T,train
P00044,C108S,test
P06654,T228Q,train
P06654,T279W,train
P06654,T279S,train
P06654,T279M,train
P06654,T279C,train
P06654,T279L,train
P06654,T279N,train
P06654,T279H,train
P06654,T279Q,train
P06654,T279K,train
P06654,T279G,train
P00171,F40H,train
P03034,T9A,train
P03034,T9V,train
P03034,E11A,train
P03034,E11V,train
P03034,L13A,train
P03034,L13V,train
P03034,E24A,train
P03034,E24V,train
P00889,H301G,train
P00889,H301R,train
P00889,D402G,train
P00889,D402N,train
P00889,D402E,train
P00889,D402Q,train
P00720,R119M,train
P0A3H0,A27S,train
P0A3H0,S31T,train
P0A3H0,V42I,train
P0A3H0,A56S,train
P0A3H0,M69I,train
P0A3H0,G15E,train
P0A3H0,E34D,train
P0A3H0,K38N,train
P08821,E15G,train
P08821,S27A,train
P08821,I42V,train
P00720,K60H,train
P00720,K83H,train
P00720,H31N,train
P00644,P199T,train
P03023,Y282D,train
P05121,R53E,test
P05121,E373R,test
P05121,E373P,test
P03034,L58P,train
P03034,L58C,train
P03034,L58A,train
P00720,A146C,train
P0A7Y4,K91R,train
P26748,S242F,train
Q56319,D184A,train
Q56319,R241A,train
P00720,E108V,train
P00720,L99G,train
P0A7Y4,D134N,train
P0A7Y4,D134E,train
P0A7Y4,D134Q,train
P0A7Y4,D134S,train
P0A7Y4,D134T,train
P0A7Y4,D134V,train
P0A7Y4,D134I,train
P0A7Y4,D134L,train
P0A7Y4,D134A,train
P05798,D25K,train
P0A7Y4,A24V,train
P0A7Y4,A52V,train
P0A7Y4,H62R,train
P0A7Y4,H62D,train
P0A7Y4,Q76L,train
P0A7Y4,Q80L,train
P0A7Y4,K117R,train
P0A7Y4,E119V,train
P0A7Y4,R41C,train
P0A7Y4,E135K,train
P06654,A249I,train
P06654,A249V,train
P06654,Y271A,train
P06654,Y271V,train
P06654,Y271I,train
P06654,F256H,train
P41016,L66L,train
P03023,K84I,train
P03023,K84M,train
P61991,F32A,train
P03040,Y26W,train
P03040,Y26F,train
P03040,Y26V,train
P03040,Y26L,train
P03040,Y26Q,train
P03040,Y26H,train
P03040,Y26C,train
P03040,Y26D,train
P05645,T308I,train
P62593,M180T,train
P62593,A40S,train
P04166,I48L,train
Q97W02,R240A,train
Q97W02,E100A,train
Q97W02,K148A,train
P60484,C124S,train
P60484,N82T,train
P60484,F337S,train
P60484,H93R,train
P60484,Y176C,train
P60484,E157G,train
O26652,A159E,train
O26652,K143A,train
Q5KZ26,L20M,train
Q5KZ26,A104Q,train
Q5KZ26,P122E,train
Q5KZ26,P129D,train
P04164,M69A,train
P04164,M69H,train
P14756,R376A,train
P14756,D386A,train
P14756,D398A,train
P14756,R402A,train
Q91472,G24A,train
Q91472,G27A,train
Q91472,T179A,train
O25949,E156A,train
O25949,W159A,train
O25949,D126A,train
Q02307,Y61E,train
Q02307,Y65E,train
Q02307,Y74E,train
Q02307,Y75E,train
Q02307,Y81E,train
Q02307,F82E,train
Q02307,Y241E,train
Q02307,F244E,train
P02649,L46P,train
P51858,P24A,train
Q9NZN9,T114I,train
Q9NZN9,A197P,train
Q9NZN9,I206N,train
Q9NZN9,C239R,train
Q9NZN9,G262S,train
Q9NZN9,W278X,train
Q9NZN9,R302L,train
Q9NZN9,P376S,train
A5H7H0,H116A,train
A5H7H0,H116S,train
A5H7H0,D119K,train
A5H7H0,V170R,train
A5H7H0,D210A,train
A5H7H0,D210S,train
P23540,Y102A,train
P23540,F103A,train
P23540,A106L,train
P23540,D108A,train
P23540,P126A,train
P23540,G128A,train
P23540,V167A,train
P23540,G174A,train
P23540,F191A,train
P07845,F14Y,train
P07845,K19E,train
P07845,K67E,train
P07845,F102L,train
P07845,F106L,train
P07845,Y111N,train
P07845,N144S,train
P18429,S50E,test
P18429,S55E,test
P18429,N60D,test
P18429,N82E,test
P18429,N209R,test
P19515,N280W,train
P19515,N358W,train
P19515,T112W,train
P19515,D332L,train
P19515,D332R,train
P19515,T112I,train
P19515,D332F,train
P19515,E314I,train
P19515,D320L,train
P19515,D332P,train
P19515,D332W,train
P19515,D332Y,train
P19515,E314V,train
P19515,S208Y,train
P19515,S208V,train
P19515,S208F,train
P19515,N214L,train
P19515,A102L,train
P19515,N280L,train
P19515,N321L,train
P19515,N214R,train
P19515,S208W,train
P19515,Q327I,train
O75365,C104S,test
O75365,A111S,test
O75365,D72A,test
O95295,C66S,train
P74367,D38A,train
P74367,C25S,train
P74367,R78E,train
P74367,Y102H,train
P74367,R118E,train
P74367,E122R,train
P74367,E127R,train
P74367,R132E,train
O61594,L100A,train
O61594,L350A,train
O61594,L389A,train
O61594,Y390A,train
O61594,N391A,train
O61594,S247A,train
O61594,N249A,train
O61594,F251A,train
O61594,F334A,train
O61594,S358A,train
O61594,K366A,train
O61594,Y420A,train
O61594,D260A,train
O61594,E261A,train
O61594,M262F,train
O61594,A263F,train
O61594,E265A,train
O61594,L335A,train
O61594,V336F,train
O61594,S337F,train
P37231,Q342P,train
P37231,R316H,train
P37231,V318M,train
P37231,R385A,train
P37231,F388L,train
P37231,P495L,train
P37231,E488K,train
P01236,G157R,train
P01236,G157D,train
P01236,G157F,train
P01236,G157L,train
P01236,G157N,train
P01236,G157P,train
P01236,G157V,train
P01236,G157Y,train
P11309,E124Q,train
P11309,E135K,train
P11309,E142D,train
P49638,F165A,train
P49638,F165D,train
P49638,F169A,train
P49638,I202A,train
P49638,I202D,train
P49638,V206A,train
P49638,V206D,train
P49638,M209A,train
P49638,M209D,train
P49638,M264D,train
P00441,D91A,train
P00441,A5V,train
P02689,F58A,-
P02689,P39G,-
P02689,I43N,-
P02689,T51P,-
P02689,I52T,-
P05798,L8A,train
P05798,L11A,train
P05798,L19A,train
P05798,L21A,train
P05798,I22V,train
P05798,I58V,train
P05798,I70V,train
P05798,I71V,train
P05798,L91A,train
P05798,I92V,train
P16304,G213E,train
P16304,A193V,train
P16304,T179I,train
P16304,G214R,train
P16304,Q16L,train
P69776,S23A,train
P69776,Y76A,train
P69168,T31I,train
P03661,T31I,train
P03661,Q147H,train
O95571,R163W,train
O95571,R163Q,train
Q9ZAG3,S12R,test
Q9ZAG3,K13P,test
Q9ZAG3,S15P,test
Q9ZAG3,S15K,test
Q9ZAG3,A16R,test
Q9ZAG3,G18N,test
Q9ZAG3,A19K,test
Q9ZAG3,A20P,test
Q9ZAG3,D24R,test
Q9ZAG3,K26R,test
Q9ZAG3,I27M,test
Q9ZAG3,D33K,test
Q9ZAG3,D33R,test
Q9ZAG3,A41R,test
Q9ZAG3,A41S,test
Q9ZAG3,K42R,test
Q9ZAG3,E45K,test
Q9ZAG3,E45R,test
Q9ZAG3,D50P,test
Q9ZAG3,Y62W,test
Q9ZAG3,D65E,test
Q9ZAG3,A66P,test
Q9ZAG3,E68Q,test
Q9ZAG3,Q69R,test
Q9ZAG3,A72R,test
Q9ZAG3,T76A,test
Q9ZAG3,T76K,test
Q9ZAG3,T85I,test
Q9ZAG3,T85L,test
Q9ZAG3,T85P,test
Q9ZAG3,T85V,test
Q9ZAG3,N92K,test
Q9ZAG3,N92R,test
Q9ZAG3,L94F,test
Q9ZAG3,Y96F,test
Q9ZAG3,L106R,test
Q9ZAG3,K110R,test
Q9ZAG3,S111K,test
Q9ZAG3,S111R,test
Q9ZAG3,Q121V,test
Q9ZAG3,L122F,test
Q9ZAG3,E124D,test
Q9ZAG3,E124K,test
Q9ZAG3,E124R,test
Q9ZAG3,I127F,test
Q9ZAG3,A142R,test
Q93D82,S2K,train
Q93D82,T3I,train
Q93D82,T3V,train
Q93D82,T7F,train
Q93D82,T7M,train
Q93D82,S17A,train
Q93D82,S22A,train
Q93D82,H26M,train
Q93D82,H26Y,train
Q93D82,T27L,train
Q93D82,T27M,train
Q93D82,T27V,train
Q93D82,A29L,train
Q93D82,C30V,train
Q93D82,H31L,train
Q93D82,E33P,train
Q93D82,Q37D,train
Q93D82,Q37E,train
Q93D82,D39K,train
Q93D82,D39E,train
Q93D82,E42Q,train
Q93D82,E42M,train
Q93D82,A45H,train
Q93D82,A45K,train
Q93D82,A45L,train
Q93D82,T47H,train
Q93D82,T47S,train
Q93D82,T47A,train
Q93D82,T47K,train
Q93D82,Y48F,train
Q93D82,M54F,train
Q93D82,S55P,train
Q93D82,E56A,train
Q93D82,E58N,train
Q93D82,E58Q,train
Q93D82,A60K,train
Q93D82,A60L,train
Q93D82,A60R,train
Q93D82,A60Y,train
Q93D82,E61K,train
Q93D82,E61Q,train
Q93D82,E61R,train
Q93D82,E64A,train
Q93D82,E64K,train
Q93D82,E64Q,train
Q93D82,E64R,train
Q93D82,T67Q,train
Q93D82,S68K,train
Q93D82,S68N,train
Q93D82,S68Q,train
Q93D82,S68R,train
Q93D82,A69H,train
Q93D82,A69K,train
Q93D82,A69L,train
Q93D82,A69M,train
Q93D82,A69R,train
Q93D82,Y70F,train
Q93D82,V75I,train
Q93D82,V77I,train
Q93D82,D80E,train
Q93D82,D80V,train
Q93D82,F82W,train
Q93D82,A83M,train
Q93D82,A83N,train
Q93D82,A83Q,train
Q93D82,E85K,train
Q93D82,E85Y,train
Q93D82,F86W,train
Q93D82,Q87L,train
Q93D82,Q87R,train
Q93D82,D90E,train
Q93D82,K91Q,train
Q93D82,A93K,train
Q93D82,A93N,train
Q93D82,A93T,train
Q93D82,V94L,train
Q93D82,D96H,train
Q93D82,R98I,train
Q93D82,R98L,train
Q93D82,G99A,train
Q93D82,G99D,train
Q93D82,G99H,train
Q93D82,G99R,train
Q93D82,E102M,train
Q93D82,A103Q,train
Q93D82,A103Y,train
Q93D82,R107Q,train
Q93D82,L111W,train
Q93D82,N113H,train
Q93D82,N113Q,train
Q93D82,S117A,train
Q93D82,S117K,train
Q93D82,K123H,train
Q93D82,H126V,train
Q93D82,H126Y,train
Q93D82,T134I,train
Q93D82,T134L,train
Q93D82,T134V,train
Q93D82,T134W,train
Q93D82,F136W,train
Q93D82,K140P,train
Q93D82,K140S,train
Q93D82,E141Q,train
Q93D82,S143A,train
Q93D82,S143V,train
Q93D82,T144I,train
Q93D82,C153H,train
Q93D82,C153I,train
Q93D82,C153L,train
Q93D82,C153N,train
Q93D82,C153V,train
Q93D82,T154I,train
Q93D82,T154K,train
Q93D82,T154L,train
Q93D82,T154R,train
Q93D82,T154V,train
Q93D82,N157F,train
Q93D82,N157H,train
Q93D82,N157R,train
Q93D82,N157W,train
Q93D82,A158V,train
Q93D82,S160A,train
Q93D82,K161F,train
Q93D82,E165A,train
Q93D82,E165P,train
Q93D82,D182F,train
Q93D82,T189K,train
Q93D82,E190L,train
Q93D82,E190T,train
Q93D82,K193L,train
Q93D82,T194Q,train
Q93D82,N195D,train
Q93D82,N195H,train
Q93D82,N195V,train
Q93D82,E197K,train
Q93D82,H198M,train
Q93D82,H198Y,train
Q93D82,V199I,train
Q93D82,V199K,train
Q93D82,A200Y,train
Q93D82,V205L,train
Q93D82,Q209H,train
Q93D82,T213D,train
Q93D82,T213N,train
Q93D82,E219N,train
Q93D82,S228K,train
Q93D82,S228R,train
Q93D82,C229A,train
Q93D82,D230N,train
Q93D82,V236I,train
Q93D82,P244A,train
Q93D82,E247P,train
Q93D82,E247Y,train
Q93D82,P253G,train
Q93D82,P253S,train
P00720,K16E_K135E_K147E,train
P00720,R119E_K135E_K147E,train
P00720,K16E_R119E_K135E_K147E,train
P05230,L59P_L88V_V124L,train
P00720,L99F_M102L_V111I,train
P00720,L99F_M102L_F153L,train
P00720,L99F_V111I_F153L,train
P00720,L99F_M102L_V111I_F153L,train
P02753,W85L_W109L_W123F,train
P02753,W42Y_W85L_W123F,train
P61495,I11V_V15I_S92F,train
P41016,R3E_E46A_L66E,train
P32081,E3R_T64V_E66L,train
P00644,E155G_E157G_D159G,train
P06654,I232R_T279E_T270R,train
P06654,I232R_T279E_T270A,train
P06654,I232R_T279A_T270R,train
P06654,I232R_T279A_T270A,train
P00720,S38D_A82P_N144D,train
P00720,S38D_A82P_N144D_I3L,train
P00720,S38D_A82P_N144D_I3L_V131A,train
P00720,S38D_A82P_N144D_I3L_V131A_A41V,train
P00720,S38D_A82P_N144D_I3L_V131A_A41V_N116D,train
P00698,T58S_I73V_S109T,train
P00698,T58S_I73V_S109A,train
O93627,E63S_R66S_D69S,test
P41365,V235I_A306E_V246D,train
O00095,P217C_V226C_G186C,test
P25984,V224E_S254K_Q165E_M304R,train
P25984,V224E_S254K_Q165E_M304R_R238A,train
P03034,D15A_Y23W_Q34Y_G47A_G49A,train
P03034,Y23W_Q34Y_G47A_G49A,train
P03034,Y23W_Q34Y_A38G,train
P03034,Y23W_Q34Y_G47A_S46A_G49A,train
P03034,Y23W_Q34Y_G47A_S46A_G49A_S80A,train
P03034,Y23W_G47A_G49A,train
P03034,Y23W_Q34Y_M43G_S46A_G47A_G49A_S80A,train
P06654,T242L_T244I_T251E_V255Y,train
P06654,T242I_T244I_T251S_V255Y,train
P06654,T242L_T244I_T251S_V255W,train
P06654,T242I_T244F_T251E_V255F,train
P06654,T242L_T244Y_T251E_V255Y,train
P06654,T242I_T244V_T251S_V255W,train
P06654,T242I_T244V_T251M_V255Y,train
P06654,T242V_T244Y_T251E_V255Y,train
P06654,T242I_T244F_V255F,train
P06654,T242V_T244Y_T251S_V255W,train
P06654,T242I_T244Y_T251S_V255F,train
P06654,T242L_T244V_V255F,train
P06654,T242L_T244Y_T251Q_V255Y,train
P06654,T242I_T244Y_T251V_V255F,train
P06654,T242V_T244F_V255Y,train
P06654,T242I_T244Y_T251L_V255F,train
P06654,T242L_T244Y_T251S_V255Y,train
P06654,T242I_T244L_T251E_V255F,train
P06654,T242I_T244I_T251Q_V255F,train
P06654,T242I_T244I_T251E_V255K,train
P06654,T242I_T244L_T251E_V255K,train
P32081,E3R_F15A_F27A,train
P32081,E3R_F15A_E19K_F27A,train
P32081,E3R_F15A_D25K_F27A,train
P61495,V181T_P324T_A335E,train
P61495,L134N_V181T_P324T_A335E,train
P50455,M91L_I95L_K152R_G154A_A259S_F261P_Y282L,test
P16304,L3I_G17A_D23K_K69R_G73S_D75S_Y103M_K105R_E114Q_D118E_V119E_S169T_Q180A_D184A_S187D_E188S_G190E_Y191V_A193V_Y205F_D210V_L211I_K217Q,train
P16304,L3I_G17A_D23K_K69R_G73S_D75S_I99S_Y103M_K105R_E114Q_D118E_V119E_M121I_E122A_S169T_Q180A_D184A_S187D_E188S_G190E_Y191V_A193V_Y205F_D210V_L211I_K217Q,train
P16304,D23K_Y103M_E114Q_S169T_Q180A_S187D_A193V_V208L_D210V_K217Q,train
P04637,M133L_V203A_N239Y_N268D,train
P04637,M133L_V203A_N239Y_N268D_Y236F_T253I,train
P0A7Y4,Y28F_R29H_G30A_R31H,train
P06654,A249L_Y271W,train
P06654,A249Q_Y271F,train
P06654,A249K_Y271F,train
P06654,A249P_Y271L,train
P06654,A249Y_Y271T,train
P06654,A249Y_Y271V,train
P06654,A249G_Y271S,train
P06654,T228Q_I232A_T270A,train
P03034,T9A_E11A_L13A_E24A,train
P03034,T9V_E11V_L13V_E24V,train
P03069,S262R_H266E_N269R,train
P03069,S262R_H266E_N269A,train
P03069,S262A_H266A_N269R,train
P03069,S262R_H266A_N269R,train
P03069,S262A_H266E_N269R,train
P03069,S262R_H266A_N269A,train
P03069,S262A_H266A_N269A,train
P03069,S262A_H266E_N269A,train
P08821,E15G_S27A_D34E_N38K_I42V,train
P03034,Y89C_G47A_G49A,train
P00720,L84M_L91M_L99M,train
P00720,L84M_L91M_L99M_L118M_L121M,train
P00720,L84M_L91M_L99M_L118M_L121M_L133M_F153M,train
P00720,L84M_L91M_L99M_L118M_L121M_V111M_L133M,train
P00720,L84M_L91M_L99M_L118M_L121M_L133M_F153M_V87M_V111M,train
P96110,S129R_T159E_N118R,train
P96110,S129R_T159E_S161E,train
P96110,S129R_T159E_N118R_S161E,train
P0A7Y4,H62A_H83A_H124A_H127A,train
P0A7Y4,H62P_T40A_K122R,train
P24297,C6L_C9T_C39A_C42T,-
P24297,C6L_C9T_C39A_C42T_E15Q,-
P24297,C6L_C9T_C39A_C42T_A2Q_E15Q,-
P24297,C6L_C9T_C39A_C42T_E15T,-
P24297,C6L_C9T_C39A_C42T_A2Q_E15T,-
P24297,C6L_C9T_C39A_C42T_K7A,-
P24297,C6L_C9T_C39A_C42T_E50A,-
P24297,C6L_C9T_C39A_C42T_K7A_E50A,-
P00698,T107A_N111A_I116A_S118A,train
P00698,H33A_T107A_N111A_I116A_S118A,train
P00698,N111A_I116A_S118A,train
P00698,T107A_N111A_S118A,train
P00698,T107A_N111A_I116A,train
P03069,V257I_N264I_V271N_V278I,train
P03069,V257I_V271I_V278I,train
P03069,V257I_N264I_V271N_V278N,train
P03069,V257I_V271N_V278I,train
P03069,V257I_V271I_V278N,train
P03069,V257N_N264I_V271N_V278I,train
P03069,V257N_V271N_V278I,train
P05645,I95L_M292I_T308I,train
P62593,A40G_E102K_M180T,train
P02945,E22Q_E207Q_E217Q,train
P14711,Y53H_T59I_S63T,train
P04166,A34S_I48L_L63R,train
Q97W02,E100A_E235A_R240A,train
Q97W02,K148A_E235A_R240A,train
Q97W02,E100A_K148A_E235A_R240A,train
P0ABQ4,T113V_E120P_S138Y,train
P0ABQ4,T68N_Q108D_E120P_S138Y,train
P0ABQ4,T68N_Q108D_T113V_E120P_S138Y,train
P21549,P11L_I340M_H83R,train
P21549,P11L_I340M_G170R,train
P21549,P11L_I340M_R197Q,train
P21549,P11L_I340M_I244T,train
P21549,P11L_I340M_A295T,train
P21549,S48H_D52E_I340M,train
P21549,S48H_D52E_V113A_I340M,train
P21549,Q23R_S48H_D52E_I340M,train
P21549,Q23R_S48H_D52E_V113A_I340M,train
P22629,V79T_T100R_L133T_W144A_V149R,train
P22629,E75C_V79T_T100R_Y107C_L133T_W144A_V149R,train
P22629,S76C_V79T_T100R_Y107C_L133T_W144A_V149R,train
P22629,S76C_V79T_T100R_K104C_Y107C_N109C_L133T_W144A_V149R,train
P22629,S76C_V79T_G122E_T100R_Y107C_L133T_W144A_V149R,train
P22629,S76C_V79T_T100R_Y107C_L133T_T135E_W144A_V149R,train
P22629,S76C_V79T_G122E_T100R_Y107C_L133T_T135E_W144A_V149R,train
P22629,S76C_V79T_A96K_G122E_T100R_Y107C_A113R_T115E_S117R_L133T_W144A_V149R,train
P22629,S76C_V79T_A96K_G122E_T100R_Y107C_A113R_T115E_S117R_W144A_V149R,train
P22629,S76C_A96K_G122E_T100R_Y107C_A113R_T115E_S117R_W144A_V149R,train
P22629,S76C_A96K_G122E_T100R_Y107C_A113R_T115E_S117R_W144A_V149C,train
P81180,P51G_S11A_S20A,train
P81180,P51G_S11V_S20A,train
P81180,P51G_S11I_S20A,train
P81180,P51G_S11V_S20A_T61V,train
P81180,P51G_S11A_S20A_T61I,train
P01241,A39V_T53V_S105A_V116I_G187M_S210A,train
P01241,A39V_T53V_S81A_S105A_S111A_V116I_G187M_S210A,train
P19515,T112K_T116I_E324I_S150C_N157C,train
P19515,T112K_T116I_E324I_V283C_D332C,train
P19515,T112K_T116I_E324I_S150C_N157C_V283C_D332C,train
P74367,P110G_I111G_P112G,train
P03661,R47W_N57K_G73A,train
P03661,N33G_R47W_N57K_G73A,train
P03661,N33G_R47W_N57K_G73A_T74I_I78V,train
Q58NA1,K94Q_V95F_R97N_P98I_T112A_M113T,train
P60953,WT,train
P00445,G94A,-
P00651,WT,train
P00651,V42A,train
P00651,V42S,train
P00651,V42T,train
P00651,V42C,train
P00651,V104A,train
P00651,V104S,train
P00651,V104T,train
P00651,V115S,train
P00651,V115T,train
P00651,V115C,train
P00651,Q51K,train
P00651,E84A,train
P00651,Y37F,train
P00651,Y68F,train
P00651,Y82F,train
P00651,Y83F,train
P00651,Y94F,train
P00651,S38A,train
P00651,S43A,train
P00651,S90A,train
P00651,N35A,train
P00651,N62A,train
P00651,N70A,train
P00651,N107A,train
P00651,N70D,train
P00651,N70S,train
P00651,W85Y,train
P0AEX9,WT,test
P0AEX9,P159S,test
P0AEX9,P185A,test
P0AEX9,P185S,test
P0AEX9,P74S,test
P0AEX9,I85A,test
P0AEX9,I134A,test
P0AEX9,L141A,test
P0AEX9,L173A,test
P0AEX9,I187A,test
P0AEX9,I252A,test
P0AEX9,L218A,test
P0AEX9,L221A,test
P0AEX9,V373A,test
P0AEX9,L387A,test
P0AEX9,A302G,test
P05046,WT,train
P02866,WT,train
P01053,WT,train
P01053,I40V,train
P01053,L28A,train
P01053,V39A,train
P01053,I49V,train
P01053,V71A,train
P01053,I77V,train
P01053,E61A,train
P01053,T23A,train
P01053,I50V,train
P01053,V54T,train
P01053,V54A,train
P01053,S32G,train
P01053,S32A,train
P01053,E34Q,train
P01053,E34D,train
P01053,E34N,train
P01053,E35Q,train
P01053,E35D,train
P01053,E35N,train
P01053,K37A,train
P01053,K38A,train
P01053,K38G,train
P01053,K44A,train
P01053,L52A,train
P01053,L52V,train
P01053,F70L,train
P01053,S32G_E34A_E35A,train
P01053,S32A_E34A_E35A,train
P02625,WT,train
P17179,WT,train
Q9EYL5,WT,train
Q9EYL5,T171V,train
Q9EYL5,E114Q,train
P00644,WT,train
P00644,E157A,train
P00644,D159A,train
P00644,M108G,train
P00644,V105A,train
P00644,V148W,train
P00644,H206L,train
P00644,V148G,train
P00644,V148A,train
P00644,V148L,train
P00644,I100M,train
P00644,I174V,train
P00644,T104I,train
P00644,T115I,train
P00644,T123I,train
P00644,T126I,train
P00644,T144I,train
P00644,T164I,train
P00644,T202I,train
P00644,V148M,train
P00644,D101A,train
P00644,D101G,train
P00644,D103A,train
P00644,D103G,train
P00644,D159G,train
P00644,D165A,train
P00644,D165G,train
P00644,D177A,train
P00644,D177G,train
P00644,E134A,train
P00644,E134G,train
P00644,E155A,train
P00644,K98A,train
P00644,K98G,train
P00644,K110A,train
P00644,K110G,train
P00644,K127A,train
P00644,K127G,train
P00644,K131A,train
P00644,K131G,train
P00644,K198G,train
P00644,K218A,train
P00644,K218G,train
P00644,D103K,train
P00644,D103N,train
P00644,W222H,train
P00644,W222F,train
P00644,W222Y,train
P00644,W222L,train
P00644,A142G,train
P00644,A142V,train
P00644,P199G,train
P00644,G111A,train
P00644,G132A,train
P00644,G161A,train
P00644,G168A,train
P00644,G170V,train
P00644,G178A,train
P00644,G189A,train
P00644,N200G,train
P00644,N200A,train
P00644,N201G,train
P00644,N201A,train
P00644,N220G,train
P00644,N220A,train
P00644,S141A,train
P00644,S210A,train
P00644,S223A,train
P00644,T144G,train
P00644,T144A,train
P00644,A151T,train
P00644,I100G,train
P00644,T115S,train
P00644,L118A,train
P00644,L118G,train
P00644,L119A,train
P00644,L119G,train
P00644,F143A,train
P00644,F143G,train
P00644,F158A,train
P00644,F158G,train
P00644,G161S,train
P00644,A172S,train
P00644,L185A,train
P00644,N200D,train
P00644,G102E,train
P00644,V105E,train
P00644,L107E,train
P00644,F116E,train
P00644,L118E,train
P00644,L119E,train
P00644,L120E,train
P00644,V121E,train
P00644,T123E,train
P00644,A140E,train
P00644,T144E,train
P00644,I154E,train
P00644,V156E,train
P00644,A172E,train
P00644,Y173E,train
P00644,I174E,train
P00644,V181E,train
P00644,N182E,train
P00644,L185E,train
P00644,V186E,train
P00644,A191E,train
P00644,L207E,train
P00644,A214E,train
P00644,Y109A,train
P00644,Y109F,train
P00644,Y109L,train
P00644,K152W,train
P00644,G170W,train
P00644,D101F,train
P00644,K110F,train
P00644,G111F,train
P00644,P129F,train
P00644,K130F,train
P00644,K131F,train
P00644,G132F,train
P00644,E134F,train
P00644,E139F,train
P00644,M147F,train
P00644,E149F,train
P00644,K152F,train
P00644,E155F,train
P00644,Q162F,train
P00644,K166F,train
P00644,Y167F,train
P00644,G168F,train
P00644,G178F,train
P00644,E183F,train
P00644,R187F,train
P00644,A194F,train
P00644,Y195F,train
P00644,Y197F,train
P00644,K198F,train
P00644,E204F,train
P00644,Q205F,train
P00644,K209F,train
P00644,S210F,train
P00644,K216F,train
P00644,E217F,train
P00644,K218F,train
P00644,D225F,train
P00644,L120A,train
P00644,L120G,train
P00644,V133A,train
P00644,V133G,train
P00644,V193A,train
P00644,I97A,train
P00644,I97G,train
P00644,Y136A,train
P00644,Y136G,train
P00644,Y195A,train
P00644,Y195G,train
P00644,V105T,train
P00644,V121T,train
P00644,V133T,train
P00644,V148T,train
P00644,V156T,train
P00644,V181T,train
P00644,V186T,train
P00644,V193T,train
P00644,V196T,train
P00644,V121S,train
P00644,V133S,train
P00644,V148S,train
P00644,V196S,train
P00644,Y136F,train
P00644,Y173F,train
P00644,Y175F,train
P00644,Y136L,train
P00644,Y167L,train
P00644,Y173L,train
P00644,Y195L,train
P00644,Y197L,train
P00644,T95S,train
P00644,T104S,train
P00644,T123S,train
P00644,T126S,train
P00644,T144S,train
P00644,T164S,train
P00644,T202S,train
P00644,T95V,train
P00644,T104V,train
P00644,T115V,train
P00644,T123V,train
P00644,T126V,train
P00644,T144V,train
P00644,T164V,train
P00644,T202V,train
P00644,T95C,train
P00644,T104C,train
P00644,T115C,train
P00644,T123C,train
P00644,T126C,train
P00644,T144C,train
P00644,T164C,train
P00644,T202C,train
P00644,M114L,train
P00644,M114I,train
P00644,G111C,train
P00644,G132C,train
P00644,E139C,train
P00644,A142C,train
P00644,K152C,train
P00644,K160C,train
P00644,R187C,train
P00644,A194C,train
P00644,K216C,train
P00644,K160F,train
P00644,V148L_G161S_G170V,train
P00644,S229A,train
P00644,T144F,train
P00644,T144H,train
P00644,T144K,train
P00644,T144L,train
P00644,T144M,train
P00644,T144N,train
P00644,T144Q,train
P13231,WT,train
P06654,WT,train
P06654,D248G,train
P06654,A252P,train
P06654,T279Y,train
P06654,T279F,train
P06654,T279I,train
P06654,T279V,train
P06654,I232N,train
P06654,I232T,train
P06654,T228P,train
P06654,G235P,train
P06654,K236P,train
P06654,V247P,train
P06654,A249P,train
P06654,A250P,train
P06654,T251P,train
P06654,V255P,train
P06654,D262P,train
P06654,A274P,train
P06654,D273A,train
P06654,V280A,train
P06654,K276A,train
P06654,T279D,train
P06654,T279A,train
P06654,T279E,train
P06654,T279R,train
P06654,T242I_T244I_T251E_V255F,train
P06654,T242I_T244I_T251E_V255Y,train
P06654,T242I_T244I_V255W,train
P06654,T242L_T244I_T251S_V255Y,train
P06654,T242I_T244I_T251E_V255I,train
P06654,A249I_Y271A,train
P05798,WT,train
P05798,E74K,train
P05798,D25K_E74K_S31P_S42G_S48P_T76P_Q77G,train
P05798,D25K_E74K_S31P_S42G_S48P_T76P_Q77G_D79F,train
P05798,D25K_E74K_S31P_S42G_S48P_T76P_Q77G_I92D,train
P05798,D25K_E74K_S31P_S42G_S48P_T76P_Q77G_D79A,train
P05798,D25K_E74K_S31P_S42G_S48P_T76P_Q77G_D79F_I92D,train
P05798,D25K_E74K_S31P_S42G_S48P_T76P_Q77G_D79F_I70D,train
P05798,D25K_E74K_S31P_S42G_S48P_T76P_Q77G_D79F_I92A,train
P05798,D25K_E74K_S31P_S42G_S48P_T76P_Q77G_D79F_Y80A,train
P05798,D79F,train
P05798,D79A,train
P05798,D79N,train
P05798,Q94K,train
P68688,WT,train
P00383,WT,test
P0AA04,WT,train
P0AA04,S46D,train
P0AA04,S46N,train
P0AA04,S46A,train
P0AA04,K49E,train
P0AA04,K49R,train
P0AA04,K49N,train
P0AA04,K49S,train
P0AA04,K49D,train
P0AA04,K49Q,train
P0AA04,K49M,train
P0AA04,K49G,train
P0AA04,K49A,train
P0A825,WT,train
P0A825,W183Y,train
P07311,WT,train
P00044,WT,test
P00044,C108T,test
P00044,V26C,test
P00044,N58I,test
P00044,H39Y,test
P00044,H32Y,test
P00044,K79W,test
P00044,C108A,test
P00044,K79H,test
P00044,T75E_T102A_C108T,test
P02754,WT,train
P08877,WT,train
P08877,G49K,train
P08877,G49E,train
P08877,G49A,train
P62554,WT,train
P62552,WT,-
Q56312,WT,train
Q53W59,WT,train
Q97ZL0,WT,train
A0A5K6WEI0,WT,-
P24072,WT,train
P24565,WT,train
P00698,WT,train
P02526,WT,train
P61495,WT,train
P61495,V15I,train
P61495,V126M,train
P61495,S92F,train
P30125,WT,train
P0A877,WT,train
P0A877,E49Q,train
P0A877,E49M,train
P0A877,E49S,train
P0A877,E49V,train
P0A877,E49Y,train
P0A877,P28G,train
P0A877,P28A,train
P0A877,P132G,train
P0A877,P207A,train
P0A877,I37A,train
P0A877,L50A,train
P0A877,L99A,train
P0A877,L127A,train
P0A877,L176A,train
P0A877,P57A,train
P0A877,P62A,train
P0A877,P96A,train
P0A877,P132A,train
P0A877,F22L,train
P0A877,G211E,train
P0A877,G234D,train
P0A877,G234K,train
P0A877,G211D,train
P0A877,G211S,train
P0A877,G211V,train
P0A877,G211W,train
P0A877,Y175C,train
P0A877,F139W,train
P0A877,F258W,train
O25776,WT,train
P02417,WT,train
P02417,K12M,train
P02417,D23N,train
P02417,D23A,train
P02417,H106Q,train
P02417,H134Q,train
P02417,H144Q,train
P00791,WT,test
P00004,WT,train
P00004,L95I,train
P00004,L95V,train
P00004,T50V,train
P00004,M81A,train
R9S082,WT,train
P00711,WT,train
P00711,D106N,train
P00711,E20Q,train
P00711,E20M,train
P00711,E26Q,train
P00711,E30L,train
P00711,E44A,train
P00711,D56N,train
P00711,H51Y,train
P00711,H51A,train
P00711,L129H,train
P00711,L129R,train
P00711,L129E,train
P00711,Q136A,train
P00711,W137Y,train
P00711,W137H,train
P00711,A125S,train
P00711,H126Y,train
P00711,H126A,train
P00711,H126W,train
P00711,K133N,train
P00711,K133Q,train
P00711,K133E,train
P00711,V61N,train
P00711,V61A,train
P00711,V61G,train
P00711,Q73A,train
P00711,I78W,train
P00711,Y122P,train
P00711,Y122A,train
P00711,W123Y,train
P01005,WT,train
P23904,WT,train
P00346,WT,-
P11708,WT,-
P00921,WT,train
P00709,WT,train
P02647,WT,train
P02647,L165R,train
P02647,Y42P,train
P02647,L254P,train
P02647,S79P,train
P02647,L246K_F249K_F253K,train
P02647,E149K_E152K_K157E_E163K,train
P02647,L254P_L257P_Y260P,train
P02647,W74F_W96F_W132F,train
P11073,WT,train
P53634,WT,-
P39476,WT,train
P04164,WT,train
P23441,WT,train
P00712,WT,train
P00712,T48I,train
P00712,V27A,train
P00712,L31A,train
P00712,V46A,train
P00712,L71A,train
P00712,I74V,train
P00712,W79A,train
P00712,D106N,train
P00712,I108V,train
P00712,V109A,train
P00712,K112A,train
P00712,I114V,train
P00712,L115A,train
P00712,Y122F,train
P00712,L124A,train
P00712,L129A,train
P00712,W137F,train
P00712,W79F,train
P00712,W45F,train
P00712,T57A,train
Q40059,WT,train
P00811,WT,train
P02470,WT,train
Q08012,WT,train
Q08012,T22G,train
Q08012,T22D,train
Q08012,T22N,train
Q08012,T22F,train
Q08012,T22S,train
Q08012,T22A,train
Q08012,T22L,train
Q08012,T22K,train
P01584,WT,-
P01584,T125G,-
P01584,T125Q,-
P11540,WT,test
P11540,R76L,test
P11540,R76Q,test
P11540,K79Q,test
P11540,K22A,test
P11540,K79A,test
P11540,K22Q,test
P11540,K23Q,test
P11540,E58K,test
P11540,K61E,test
P11540,K61L,test
P11540,H18Q,test
P11540,W39F_W45F_C41A_C83A_A26C,test
P11540,W39F_W45F_C83A,test
P11540,W39F_W45F_C41A_C83A_L63C,test
P01607,WT,train
P0AA25,WT,test
P0AA25,D27I,test
P0AA25,C33A,test
P0AA25,C36A,test
P0AA25,T67L,test
P0AA25,T78V,test
P0AA25,P35S,test
P0AA25,D27A,test
P0AA25,C33S_C36S_L79C,test
P07740,WT,-
P07740,A81H,-
P07740,H82A,-
P00282,WT,train
P00282,I40V,train
P00282,I40A,train
P00282,I40T,train
P00282,V42A,train
P00282,V42T,train
P00282,V51T,train
P00282,L70V,train
P00282,L70T,train
P00282,I101V,train
P00282,I101A,train
P00282,I101T,train
P00282,V115T,train
P00282,C132S,train
P00282,D43E_K148R_K44R,train
B8YLY0,WT,train
Q01468,WT,-
P00560,WT,train
P00560,W334F,train
P00560,W309F,train
P00560,L400W,train
P00560,W309Y,train
P00560,W334Y,train
P00560,F195W,train
P00560,Y49W,train
P00560,Y123W,train
P00560,W309F_W334F_Y123W,train
P00169,WT,train
P00171,WT,train
P00171,F40Y,train
P00171,F40L,train
P00171,S23C,train
P00171,V66E,train
P00171,V66Y,train
P00171,V66H,train
P00171,V66K,train
P04141,WT,train
P04141,L83E,train
P22069,WT,train
P22069,M23L,train
P03050,WT,-
P03050,E48A,-
P03050,N29A,-
P03050,S44A,-
P03050,L12A,-
P03050,V18A,-
P03050,L19A,-
P03050,V25A,-
P03050,G30A,-
P03050,S32A,-
P03050,V33A,-
P03050,Y38A,-
P03050,M42A,-
P03050,P8A,-
P03050,S35A,-
P03050,N11A,-
P03050,K6A,-
P03050,R16A,-
P03050,M4A,-
P03050,E27A,-
P03050,K2A,-
P03050,Q9A,-
P03050,G3A,-
P03050,M1A,-
P03050,S5A,-
P03050,E17A,-
P03050,E43A,-
P03050,M7A,-
P03050,D20A,-
P03050,F10A,-
P03050,N34A,-
P03050,Q39A,-
P03050,G52A,-
P03050,K46A,-
P03050,R23A,-
P03050,K24A,-
P03050,E28A,-
P03050,I51A,-
P03050,G49A,-
P03050,R50A,-
P03050,K47A,-
P03050,P15A,-
P03050,L21A,-
P03050,R31A,-
P03050,W14A,-
P03050,R40A,-
P03050,K24T,-
P03050,L19Q,-
P03050,P8L,-
P03050,N29A_S44A_E48A,-
P03050,R16A_E17A_V18A_D20A_R23A_K24A_V25A_E27A_E28A_N34A_S35A_Q39A,-
P03050,R16A_E17A_V18A_D20A_R23A_K24A_V25A_E27A_E28A_N34A_S35A_Q39A_E43A_K46A_G52A,-
P03050,K2T_M4R_S5R_K6E_P8T,-
P03050,K2T_G3A_S5N_M7T_P8Q,-
P03050,Q9R_F10L_N11I_R13K_R16G,-
P03050,K46R_E48V_I51S_A53K,-
P03050,F45L_R50G_I51S,-
P03051,WT,train
P0A8U6,WT,train
P0A9X9,WT,test
P0A9X9,Y42W,test
P0A9X9,S52W,test
P0A9X9,T68W,test
P41016,WT,train
P41016,Q2L,train
P41016,R3E,train
P41016,R3L,train
P41016,N11S,train
P41016,Y15F,train
P41016,G23Q,train
P41016,S24D,train
P41016,T31S,train
P41016,E46A,train
P41016,Q53E,train
P41016,V64T,train
P41016,L66E,train
P41016,L66A,train
P41016,F38W,train
P01308,WT,train
P01308,H34D,train
P01308,H34D_P52K_K53P,train
P62593,WT,train
P62593,P165T,train
P62593,E102K,train
P62593,G234S,train
P62593,W286F,train
P62593,C75S,train
P62593,R162H,train
P29768,WT,train
P29768,A69V,train
P29768,A53L,train
P01009,WT,train
P01009,A272L,train
P01009,W218F,train
P01009,W262F,train
P01009,Y184W,train
P01009,Y184A,train
P01009,K355F,train
P01009,K355I,train
P01009,K355V,train
P01009,K355T,train
P01009,S354R,train
P01009,F75C,train
Q56236,WT,train
P29253,WT,train
P50308,WT,train
P0A7A9,WT,train
P0A7A9,D27N,train
P38576,WT,train
P04271,L4A,-
P04271,L4S,-
P04271,M8A,-
P04271,I12A,-
P04271,F15A,-
P0A7Y4,WT,train
P0A7Y4,I53D,train
P0A7Y4,H62P,train
P0A7Y4,H62A,train
P0A7Y4,H83A,train
P0A7Y4,H114A,train
P0A7Y4,H124A,train
P0A7Y4,H127A,train
P0A7Y4,I53A,train
P0A7Y4,Q105G,train
P0A7Y4,D10A,train
P0A7Y4,R27A,train
P0A7Y4,K91R_D94E_K95G,train
P0A7Y4,K95N,train
P0A7Y4,G23A,train
P0A7Y4,V74L,train
P0A7Y4,D134H,train
P0A7Y4,V74I,train
P0A7Y4,V74A,train
P13444,WT,-
P00586,WT,-
P00648,WT,train
P00648,H65Q,train
P00648,N105A,train
P00648,K109R,train
P00648,I135V,train
P00648,S138A,train
P00648,S139A,train
P00648,T53A,train
P00648,T53G,train
P00648,V57T,train
P00648,V57A,train
P00648,L61A,train
P00648,I102V,train
P00648,T146V,train
P00648,T152V,train
P00648,I156V,train
P00648,Y60A,train
P00648,Y64A,train
P00648,T63S,train
P00648,I51V,train
P00648,N52A,train
P00648,N70A,train
P00648,I72V,train
P00648,T73A,train
P00648,T73G,train
P00648,E76G,train
P00648,L80Q,train
P00648,V83T,train
P00648,V83A,train
P00648,N88D,train
P00648,V92T,train
P00648,V92A,train
P00648,I98V,train
P00648,D101N,train
P00648,D101A,train
P00648,I123V,train
P00648,N124A,train
P00648,Y125F,train
P00648,N131A,train
P00648,T63R,train
P00648,I51A,train
P00648,I102T,train
P00648,I102A,train
P00648,I123A,train
P00648,I135A,train
P00648,L136V,train
P00648,L136T,train
P00648,I143A,train
P00648,I156A,train
P00648,I143V,train
P00648,D59G,train
P00648,Y64G,train
P00648,H65G,train
P00648,H65A,train
P00648,H65K,train
P00648,K74G,train
P00648,E76A,train
P00648,Q78S,train
P00648,Q78A,train
P00648,D59A,train
P00648,Y60G,train
P00648,Q62G,train
P00648,Q62A,train
P00648,I102G,train
P00648,R119G,train
P00648,E120G,train
P00648,I135G,train
P00648,L136G,train
P00648,L142G,train
P00648,I143G,train
P00648,Y144G,train
P00648,T147G,train
P00648,A79G,train
P00648,D55A,train
P00648,N105D,train
P00648,Y150F,train
P00648,R157A,train
P00648,Q151A,train
P00648,D122N,train
P00648,K74A,train
P00648,E120A,train
P00648,D55A_D59A_R157A,train
P03706,WT,test
P03706,H31D,test
P03706,H48N,test
P03706,H31N_H137N_H48z,test
P0A3E0,WT,train
P0A3E0,E21K,train
P0A3E0,E41K,train
P0A3E0,E73K,train
P0A3E0,D76K,train
P0A3E0,Q100A,train
P0A3E0,E62K,train
P0A3E0,D66K,train
P0A3E0,D127K,train
P0A3E0,D151K,train
P0A3E0,L7A,train
P0A3E0,I23V,train
P0A3E0,V32A,train
P0A3E0,D44A,train
P0A3E0,I52V,train
P0A3E0,I53V,train
P0A3E0,S72A,train
P0A3E0,A85G,train
P0A3E0,N98A,train
P0A3E0,I105V,train
P0A3E0,S111A,train
P0A3E0,V118A,train
P0A3E0,T123S,train
P0A3E0,V140A,train
P0A3E0,L144A,train
P0A3E0,I157V,train
P0A3E0,V161A,train
Q7LZZ4,WT,-
P09616,WT,-
P62942,WT,-
P62942,R58A,-
P62942,R58G,-
P62942,E61A,-
P62942,E61G,-
P62942,E62A,-
P62942,E62G,-
P62942,V64A,-
P62942,I8V,-
P62942,I77V,-
P62942,L98A,-
P62942,V99A,-
P62942,V102A,-
P62942,T76A,-
P04156,WT,train
P05819,WT,train
P23370,WT,-
P23370,L48A,-
P23370,V6A,-
P23370,I8A,-
P23370,L21A,-
P23370,E22Q,-
P23370,I26A,-
P23370,Y33A,-
P23370,A35G,-
P23370,V37A,-
P23370,I52A,-
P23370,F60A,-
P23370,V65A,-
P23370,L75A,-
P23370,L79A,-
P23370,V85A,-
P23370,V88A,-
O54310,WT,train
P62894,WT,train
P23202,WT,-
P05230,WT,train
P05230,H36Y,train
P05230,L59F,train
P05230,H117Y,train
P05230,F123Y,train
P05230,V124I,train
P05230,K133E,train
P05230,K127N,train
P05230,K127A,train
P05230,K127E,train
P05230,K133A,train
P05230,K133N,train
P05230,H36Y_L59F_H117Y,train
P05230,H36Y_L59F_F123Y,train
P05230,H36Y_H117Y_F123Y,train
P05230,L59F_H117Y_F123Y,train
P05230,H36Y_L59F_H117Y_F123Y,train
P05230,Q55P_S62I_K133E,train
P05230,Q55P_S62I_K133E_H108G,train
P05230,Q55P_S62I_K127N,train
P05230,Q55P_S62I_K127N_H108G,train
P05230,Q55P_K127N_K133E,train
P05230,S62I_K127N_K133E,train
P05230,Q55P_S62I_K127N_K133E,train
P05230,Q55P_S62I_K127N_K133E_H108G,train
P08263,WT,-
P11961,WT,train
P11961,F166W,train
P03023,WT,train
P03023,K84L,train
P29160,WT,train
P29160,D3A,train
P29160,E7A,train
P29160,R9A,train
P29160,K10A,train
P29160,D13A,train
P29160,K16A,train
P29160,R22A,train
P29160,K23A,train
P29160,K29A,train
P29160,K34A,train
P29160,R40A,train
P29160,R43A,train
P29160,D45A,train
P29160,K47A,train
P29160,E48A,train
P29160,D49A,train
P29160,E51A,train
P29160,R55A,train
P29160,E63A,train
P29160,E65A,train
P29160,E70A,train
P29160,R77A,train
P29160,H79A,train
P29160,D88A,train
P29160,E91A,train
P29160,R93A,train
P29160,R93M,train
P48784,WT,train
P42771,WT,train
P42771,W15D,train
P42771,L37S,train
P42771,L121R,train
P02654,WT,train
P0A6F9,WT,-
P00441,WT,train
P00441,T3D,train
P10762,WT,train
P10762,T47A,train
P10762,T159A,train
P10762,L33K,train
P10762,A155K,train
P04119,WT,-
Q56QW9,WT,train
O02372,WT,-
P02693,WT,-
P02693,W7Y,-
P02693,W83Y,-
P02693,F69A,-
P02693,F94A,-
P09012,WT,-
Q8VP89,WT,train
P42013,WT,train
P42013,F29W,train
Q8ENY1,WT,train
Q9K8D2,WT,train
P00099,WT,train
P00099,Y49F,train
P15452,WT,train
P15452,Y43F,train
P15452,A91V,train
P15452,V46I,train
P03034,WT,train
P03034,V37I,train
P03034,M41A,train
P03034,Y86C,train
P03034,P79A,train
P03034,V37L_M41V_V48I,train
P03034,V37I_M41V_V48L,train
P03034,V37I_M41V_V48I,train
P03034,V37L_M41L_V48I,train
P03034,V37F_M41F_V48I,train
P03034,V37F_M41F_V48F,train
P03034,V37F_M41F_V48I_L66F,train
P03034,G47A_G49A_P79A,train
P0AE67,WT,train
P0AE67,F14N,train
P00094,WT,-
P00094,Y96C,-
P00094,Y96F,-
P69542,WT,-
P69542,E30F,-
P69542,V35A,-
P69542,V35C,-
P69542,V35F,-
P69542,V35I,-
P69542,V35L,-
P69542,V35M,-
P69542,I47C,-
P69542,I47F,-
P69542,I47L,-
P69542,I47M,-
P69542,I47V,-
P69542,F68L,-
P69542,E30M,-
P69542,C33S,-
P69542,D36C,-
P69542,D50H,-
P69542,K69H,-
P69542,K69M,-
P69542,V70C,-
P69542,V70P,-
P69542,I47A,-
P19614,WT,train
P19614,R47A,train
P19614,R23A,train
P19614,E25A,train
P19614,D58N,train
P19614,D36A,train
P19614,R39A,train
P09850,WT,test
P00720,WT,train
P00720,I27A,train
P00720,L7A,train
P00720,L121A,train
P00720,L91P,train
P00720,L66P,train
P00720,R119E,train
P00720,K135E,train
P00720,K147E,train
P00720,N40A,train
P00720,K43A,train
P00720,L46A,train
P00720,R14K,train
P00720,E22K,train
P00720,T26S,train
P00720,N40D,train
P00720,A41D,train
P00720,R80K,train
P00720,A93T,train
P00720,G113E,train
P00720,R119H,train
P00720,T151S,train
P00720,F153L,train
P00720,N163D,train
P00720,L99M,train
P00720,F153M,train
P00720,F153A,train
P00720,V149I,train
P00720,S117F,train
P00720,A74P,train
P00720,M102L,train
P00720,G77A,train
P00720,A82P,train
P00720,I3L,train
P00720,I3A,train
P00720,C54T,train
P00720,R96H,train
P00720,S38D,train
P00720,N144D,train
P00720,N116D,train
P00720,L99A,train
P00720,R96C,train
P00720,T115E,train
P00720,Q123E,train
P00720,N144E,train
P00720,S90H,train
P02511,WT,-
O42720,WT,train
P42212,WT,train
P00929,WT,train
P00929,F22L,train
P00929,F22I,train
P00929,F22V,train
P00929,A18V,train
P00929,I232V,train
P00929,L209V,train
P00929,Y175Q,train
P08505,WT,-
P08505,W60A,-
P0A434,WT,train
P0A434,H257L,train
P01236,WT,train
P01236,H55A,train
P01236,H58A,train
P01236,H74A,train
P01236,H87A,train
P01236,H125A,train
P01236,H166A,train
P01236,H201A,train
P01236,H208A,train
P01236,H223A,train
P01236,H55A_H58A_H208A,train
P01236,H58A_H201A_H208A,train
P02633,WT,-
P02633,E21Q,-
Q8VD40,WT,train
P10279,WT,train
P00563,WT,train
P00563,D122N,train
P00563,D122A,train
P37001,WT,-
P37001,F80A,-
P37001,Y112F,-
P37001,L130A,-
P37001,M182A,-
P37001,W42A,-
P37001,Y48A,-
P37001,W76A,-
P37001,Y178A,-
P37001,D49N,-
P37001,S83A,-
P37001,M97A,-
P37001,E115A,-
P37001,R119A,-
P37001,T133A,-
P37001,S155A,-
P37001,T162A,-
P37001,Q164A,-
P37001,Q185A,-
Q3LUG9,WT,train
O06878,WT,-
P00183,WT,train
P00183,T102V,train
P04637,WT,train
P04637,I332V,train
P04637,F341L,train
P32081,WT,train
P32081,E3R,train
P32081,E66L,train
P32081,F27A,train
P32081,F17A,train
P32081,F15A,train
P32081,F38A,train
P32081,E3L,train
P32081,A46E,train
P32081,M1R,train
P32081,E3K,train
P32081,K65I,train
P32081,E66K,train
P32081,A46K,train
P32081,S48R,train
P32081,E3Q,train
P32081,K5E,train
P32081,K5Q,train
P32081,N10D,train
P32081,N10K,train
P32081,E12K,train
P32081,K13E,train
P32081,K13Q,train
P32081,E19K,train
P32081,E19Q,train
P32081,V20Q,train
P32081,V20K,train
P32081,E21K,train
P32081,E21Q,train
P32081,D24K,train
P32081,D24N,train
P32081,D25K,train
P32081,D25Q,train
P32081,K39E,train
P32081,K39Q,train
P32081,E42K,train
P32081,E42Q,train
P32081,E43K,train
P32081,E43Q,train
P32081,S48K,train
P32081,S48E,train
P32081,E50K,train
P32081,E50Q,train
P32081,E53K,train
P32081,E53Q,train
P32081,N55K,train
P32081,N55D,train
P32081,R56Q,train
P32081,K65E,train
P32081,K65Q,train
P32081,L2R,train
P32081,E3V,train
P32081,E43S,train
P32081,A46L,train
P32081,T64R,train
P32081,E66V,train
P32081,E43G_A46K_S48R,train
P32081,E43K_A46K_S48K,train
P32081,E43S_A46K_S48K,train
P32081,E43S_A46K_S48R,train
P32081,M1R_E3K_K65I,train
P32081,M1R_E3K_E66K,train
P32081,M1R_K65I_E66K,train
P32081,M1R_E3K_K65I_E66K,train
P32081,M1R_E3K_K65I_E66L,train
P32081,E3R_A46K_S48R,train
P32081,E3R_A46K_S48R_E66L,train
P32081,A46K_S48R_E66L,train
P32081,L2R_E3V_A46L_T64R_E66V_A67G,train
P32081,L2R_E3V_E66V,train
P32081,L2R_E3V_T64R_E66V,train
P32081,E3K_K65I_E66K,train
P32081,E3V_T64R_E66V,train
P32081,E3V_A46L_T64R_E66V_A67G,train
P32081,V20I_E43N_A46K_S48K_E66L,train
P0A881,WT,train
P00509,WT,-
P00509,F2A,-
P00509,E3A,-
P00509,I5A,-
P00509,D11A,-
P00509,K63M,-
P00509,K63E,-
P00509,E253Q,-
P00509,E253K,-
P00509,R254K,-
P00509,R254M,-
P00509,N282D,-
P00509,N285R,-
P05231,WT,-
P00909,WT,train
P18912,WT,-
P18912,W290Y,-
P18912,W290Y_W315Y_F379W,-
P08250,WT,-
P00287,WT,train
P09038,WT,train
P07982,WT,-
P48052,WT,train
P60174,WT,-
P02925,WT,train
P02925,S34A,train
P02925,N38A,train
P02925,F40A,train
P02925,F41A,train
P02925,N89A,train
P02925,D114A,train
P02925,S128A,train
P02925,I157A,train
P02925,F189A,train
P02925,N215A,train
P02925,F239A,train
P02925,D240A,train
P02925,Q260A,train
P02925,S34A_I157A_S128A,train
P02925,S34A_I157A_S128A_N38A,train
P02925,S34A_I157A_S128A_N38A_Q260A,train
P13276,WT,test
P82197,WT,-
P34093,WT,train
P04925,WT,train
P04925,F174W,train
P04925,H186R,train
P04925,E195K,train
P04925,H186Y,train
P04925,Y154H,train
P04925,F197H,train
P03036,WT,train
P01175,WT,-
P06179,WT,train
P01050,WT,train
P07170,WT,train
P07170,Q50E,train
P07170,N171D,train
P07170,T79H,train
P07170,T112H,train
P07170,V10I,train
P07170,I215F,train
P07980,WT,train
P00257,WT,train
P00257,F69W,train
P00257,F101W,train
P00257,F117W,train
P00257,F122W,train
P00257,Y140W,train
P05413,WT,-
P80147,WT,-
Q9WMV8,WT,-
P0A3D9,WT,train
P0A3D9,F8L,train
P0A3D9,Y48F,train
P0A3D9,H35A,train
P00794,WT,-
P01868,WT,train
P00760,WT,-
P04080,WT,train
P55051,WT,-
P80020,WT,-
P01051,WT,train
P00918,WT,train
P00918,H94Y,train
P00918,G144R,train
P00918,P201A,train
P00918,W5F,train
P00918,W16F,train
P00918,C205S,train
P00918,H107Y,train
P61626,WT,-
P68660,WT,train
P03120,WT,-
P62898,WT,train
P62898,H27V,train
P62898,N53I,train
P62898,H34F,train
P62898,P31A,train
P62898,P31V,train
P62898,Y68F,train
P00939,WT,-
P02649,WT,train
P02649,R163C,train
P02649,K164E,train
P02649,R154S,train
P17778,WT,test
P17778,F289L,test
P17778,I309L,test
P08463,WT,-
P08463,P90V,-
P08463,P92V,-
P54178,WT,train
P54178,W55F,train
P54178,W120F,train
P54178,W55A,train
P54178,F61W,train
P54178,W55A_W120A_F61W,train
Q16595,WT,train
Q16595,L198C,train
Q16595,L200C,train
Q16595,L203C,train
P0C2S3,WT,train
P23540,WT,train
Q5NV88,WT,train
Q5NV88,P7S,train
Q5NV88,H8P,train
Q5NV88,H8S,train
Q9H8W4,WT,-
Q95211,WT,train
Q7M089,WT,train
P69168,WT,train
P69168,T119I,train
P69168,T31I_T119I_D227Y,train
P69168,T31I_T119I_Q147H_D227Y,train
Q5SLE7,WT,-
O80297,WT,train
Q47471,WT,train
Q8Z9H3,WT,train
Q9NYA1,WT,-
P30041,WT,-
Q9WZ62,WT,-
P00559,WT,-
P01139,WT,-
P68135,WT,train
P05307,WT,-
P10145,WT,-
P12849,WT,-
P20181,WT,-
P08058,WT,-
P08058,F26V,-
P08058,F26L,-
P69797,WT,train
P12532,WT,-
P00567,WT,train
Q9QUG3,WT,-
P00807,WT,train
P41365,WT,train
P22076,WT,-
P80031,WT,-
P22914,WT,train
P22914,S39C,train
P00446,WT,-
O28558,WT,train
Q7SIG1,WT,train
Q7SIG1,K102Q,train
P01789,WT,-
P0AB98,WT,train
P0A6R3,WT,train
P0A6R3,P61A,train
P83876,WT,-
P03958,WT,-
P63159,WT,train
P63159,S121H,train
P63159,I122H,train
P63159,G123H,train
P63159,D139H,train
P63159,D140H,train
P63159,N135H_D139H,train
P63159,N135H_D140H,train
P96110,WT,train
P96110,R191A,train
P96110,E232A,train
P96110,K194A,train
P96110,R191A_E232A_K194A,train
P02185,WT,train
P02185,I29L_I31L_I76L_I100L_I102L_I108L_I112L_I113L_I143L,-
P02185,I29L_I31L_I76L_I100L_I102L_I108L_I112L_I113L_I143L_V2L_V11L_V14L_V18L_V22L_V67L_V69L_V115L,-
P02185,I29L_L41V_V67L_I76V_L87V_I102V_I112V_V115I,train
P02185,I29V_V67I_L87V_I112V_V115L,train
P02185,I29V_L62I_V67I_I76L_L87I_I102V_I112V,train
P02185,I29L_V67I_I76L_I102L_I112V_L136I,train
P20459,WT,-
P02966,WT,train
P98052,WT,-
P06999,WT,-
P38909,WT,train
P0ABQ4,WT,train
P0ACJ8,WT,train
P01857,WT,train
P01857,L125C,train
P01857,P226C_A314C_S258C_P279C,train
P01857,K243Q_Q301L_Q321R,train
P0ABE7,WT,train
P00592,WT,-
P00120,WT,-
Q9N1F5,WT,-
P08758,WT,train
P27064,WT,train
P62152,WT,train
Q9NAV8,WT,train
Q9NAV7,WT,train
P16304,WT,train
P16304,Q199R,train
P02945,WT,train
Q03026,A33P,train
Q03026,D35A,train
Q03026,W40F,train
P08921,I40V,train
P08921,I79V,train
P08921,V100A,train
P08921,L111V,train
P08921,WT,train
P00952,I52L,-
P00952,L105V,-
P00952,T51P,-
P00157,WT,train
P41500,K27E_E66K_N85K_Q98K,train
P02699,WT,train
P58772,WT,train
P69441,WT,train
P11376,WT,test
P09372,WT,train
P09372,E53G,train
P09372,G122D,train
P56740,WT,train
P13917,WT,train
P03069,WT,train
P38584,WT,train
P96988,WT,train
P33665,WT,train
P33665,W68F,train
P33665,W141F,train
P33665,W267F,train
P43895,WT,train
O14556,WT,train
Q7M1T4,WT,train
Q00511,WT,train
P01040,WT,train
P00883,WT,train
P30879,WT,train
P00779,WT,train
P46937,WT,train
P46937,L190Y,train
P46937,D194T,train
P46937,A180R,train
P46937,A180R_L190Y_D194T,train
P00690,WT,train
P00942,C126S,train
P43351,WT,train
P02753,WT,train
P0C1H3,WT,train
P00766,WT,train
P01012,WT,train
P26514,WT,test
P01006,WT,train
P46406,WT,train
P0A9B2,WT,train
P00362,WT,train
P00362,T36Q_T40S_L44Q,train
P30533,WT,train
P04789,WT,train
P00439,WT,train
P00782,WT,train
P23907,WT,train
P39148,WT,train
Q7SIB6,WT,train
P81180,WT,train
P81180,P51G,train
P59799,WT,train
P80324,WT,train
Q59962,WT,train
P07463,WT,train
P0ACF0,WT,train
P00289,WT,train
Q7BQ98,WT,train
P80040,WT,train
P80040,E165Q,train
P80040,E165K,train
P0CE47,WT,train
O50306,WT,train
P13123,WT,train
P27838,WT,train
P43586,WT,train
P95467,WT,train
Q07540,WT,train
P0A6Z6,WT,train
Q63610,WT,train
P25984,WT,train
P04179,WT,train
P0AFG6,WT,train
P0AFG6,L150A,train
P37487,WT,train
P37487,D13E,train
P37487,D15E,train
P37487,D75E,train
P37487,E78D,train
P37487,H97Q,train
P37487,H98Q,train
P37487,D149E,train
P37487,D203E,train
P0AEQ3,WT,train
P60546,WT,train
Q97ZF4,WT,train
P01588,WT,test
P69905,WT,train
P35495,WT,train
P35496,WT,train
Q59196,WT,train
P38523,WT,train
Q13526,WT,train
Q56026,WT,train
Q63K37,WT,train
P0C7U7,WT,test
A0A0H2Z8G0,WT,train
P27169,WT,train
P37111,WT,train
P11166,WT,train
P14295,WT,train
P14518,WT,train
P67939,WT,train
P20789,WT,train
Q9X6J6,WT,train
P29274,WT,train
P32851,WT,train
P01764,WT,train
P29600,WT,train
P21549,WT,train
P04807,WT,test
P52003,WT,test
P52003,R21W,test
P52003,G58E,test
P52003,R70W,test
Q99574,WT,train
P33166,WT,train
P00974,WT,train
P0A1J1,WT,train
P0A3H0,WT,train
P80319,WT,train
P00442,WT,train
P02763,WT,train
P0A9C5,WT,train
P37093,WT,train
P04268,WT,train
Q56013,WT,train
P13104,WT,train
P61823,WT,train
P15057,WT,train
P26747,WT,train
P04070,WT,train
Q47108,WT,train
P06653,WT,test
P03040,WT,train
P02872,WT,train
P26222,WT,train
P07984,WT,train
P56634,WT,train
P13284,WT,test
P81245,WT,test
P04083,WT,train
P09353,WT,train
P00943,WT,train
P43409,WT,test
P0A0L1,WT,train
P0A0L1,D251A,train
P0A0L1,H211A,train
P12993,WT,train
P12993,D224A,train
P26748,Y214W,train
P80579,WT,test
P80579,K18G,test
P80579,R82E,test
P80579,D102X,test
P09955,WT,train
P09954,WT,test
Q95HA2,WT,train
Q9D8V0,WT,train
P48781,WT,train
P48782,WT,train
P00655,WT,train
P08709,WT,train
P43080,WT,test
P43080,H19Y,test
P43080,V160G,test
P43080,D100G,test
P43080,E155A,test
P43080,E155G,test
P43080,I107T,test
P43080,L84F,test
P43080,L176F,test
P43080,G86R,test
P08753,WT,train
P08753,G203A,train
P08753,Q204L,train
P08753,A326S,train
P08753,T329A,train
Q2XSL7,WT,train
P08038,WT,train
Q72SM7,WT,train
Q72SM7,Q67A,train
Q72SM7,S247A,train
Q72SM7,D163A_D164A_D165A_G166A_D167A_D168A,train
P07320,WT,train
P07320,G61C,train
P12277,WT,train
Q9A1S2,E117A,train
Q9A1S2,N168A,train
Q9A1S2,E258A,train
P46065,WT,test
P46065,D100E,test
P04166,WT,train
Q97W02,WT,train
Q97W02,P236A,train
P60484,WT,train
O26652,WT,train
O26652,D54R,train
O26652,R85E,train
O26652,Y102A,train
O26652,W138A,train
Q3E840,WT,train
B9W5G6,WT,train
Q99983,WT,train
P01730,WT,test
P61769,WT,train
Q5KZ26,WT,train
Q9BY41,WT,train
P22364,WT,train
P22364,W71Y,train
D4Z2G1,WT,train
O25949,WT,train
O25949,E153A,train
O25949,S154A,train
O25949,E155A,train
O25949,K157A,train
O25949,W159F,train
O25949,Q160A,train
O25949,K161A,train
O25949,L162A,train
O25949,C163A,train
O25949,S164A,train
P06996,WT,train
P06996,R58H,train
P06996,R95C,train
P06996,R95S,train
P06996,R95A,train
P06996,R95G,train
P06996,D126G,train
Q9NZN9,WT,train
P08254,WT,train
P09237,WT,train
P22894,WT,test
A5H7H0,WT,train
P02618,WT,train
O66037,WT,train
O66015,WT,train
P07845,WT,train
P19515,E324R,train
P19515,E324M,train
P19515,E324F,train
P19515,E324Y,train
P19515,T116I,train
P19515,E324P,train
P19515,E324W,train
P19515,E324C,train
P19515,E324T,train
P19515,T112K,train
P19515,E324L,train
P19515,E324V,train
P19515,E324I,train
P19515,T112K_T116I_E324I,train
P49862,WT,train
O95295,WT,train
P11229,WT,train
P62166,WT,train
E5BBQ3,WT,train
P61956,WT,test
O61594,WT,train
Q2XSK9,WT,train
P11309,WT,train
P11309,Y53H,train
P35674,WT,train
P06585,WT,test
P01704,WT,train
Q8AXI4,WT,train
A0QWG6,WT,train
Q99972,WT,train
Q99972,G246R,train
Q99972,G252R,train
Q99972,R272G,train
Q99972,D273A,train
Q99972,E323K,train
Q99972,G364V,train
Q99972,G367R,train
Q99972,T377M,train
Q99972,D380A,train
Q99972,D384A,train
Q99972,E385A,train
Q99972,K423E,train
Q99972,V426F,train
Q99972,A427T,train
Q99972,C433R,train
Q99972,Y437H,train
Q99972,I477N,train
Q99972,I477S,train
Q99972,N480K,train
Q99972,P481L,train
Q99972,I499F,train
Q99972,S502P,train
P69776,WT,train
P0CL66,WT,train
P03661,WT,train
P03661,N33G,train
P03661,R47W,train
P03661,N57K,train
P03661,G73A,train
P03661,T74I,train
P03661,I78V,train
P03661,P83H,train
P03661,N156G,train
P03661,F217L,train
P03661,S225L,train
P03661,R47W_N57K_T74I,train
P03661,R47W_N57K_F217L,train
P03661,R47W_N57K_G73A_I78V_F217L,train
P03661,N33G_R47W_N57K_G73A_F217L,train
P03661,N33G_R47W_N57K_T74I_N156G_F217L_S225L,train
P03661,N33G_R47W_N57K_G73A_T74I_I78V_N156G_F217L_S225L,train
P03661,Q147H_N156G_F217L,train
Q58NA1,WT,train
P07274,WT,train
Q6VS32,WT,train
P04439,WT,train
P01911,WT,train
Q99784,WT,test
Q13148,WT,train
Q2FZU9,WT,-
Q4QII4,WT,train
I7H6W6,WT,test
P48242,WT,train
Q97VW7,WT,train
Q8TZV2,WT,train
P12643,WT,test
A0A060GYS1,WT,train
Q9UMX6,G157R,train
P63096,M1A,train
P63096,G2A,train
P63096,C3A,train
P63096,T4A,train
P63096,L5A,train
P63096,S6A,train
P63096,A7G,train
P63096,E8A,train
P63096,D9A,train
P63096,K10A,train
P63096,A11G,train
P63096,A12G,train
P63096,V13A,train
P63096,E14A,train
P63096,R15A,train
P63096,S16A,train
P63096,K17A,train
P63096,M18A,train
P63096,I19A,train
P63096,D20A,train
P63096,R21A,train
P63096,N22A,train
P63096,L23A,train
P63096,R24A,train
P63096,E25A,train
P63096,D26A,train
P63096,G27A,train
P63096,E28A,train
P63096,K29A,train
P63096,A30G,train
P63096,A31G,train
P63096,R32A,train
P63096,E33A,train
P63096,V34A,train
P63096,K35A,train
P63096,L36A,train
P63096,L37A,train
P63096,L38A,train
P63096,L39A,train
P63096,G40A,train
P63096,A41G,train
P63096,G42A,train
P63096,E43A,train
P63096,S44A,train
P63096,G45A,train
P63096,K46A,train
P63096,S47A,train
P63096,T48A,train
P63096,I49A,train
P63096,V50A,train
P63096,K51A,train
P63096,Q52A,train
P63096,M53A,train
P63096,K54A,train
P63096,I55A,train
P63096,I56A,train
P63096,H57A,train
P63096,E58A,train
P63096,A59G,train
P63096,G60A,train
P63096,Y61A,train
P63096,S62A,train
P63096,E63A,train
P63096,E64A,train
P63096,E65A,train
P63096,C66A,train
P63096,K67A,train
P63096,Q68A,train
P63096,Y69A,train
P63096,K70A,train
P63096,A71G,train
P63096,V72A,train
P63096,V73A,train
P63096,Y74A,train
P63096,S75A,train
P63096,N76A,train
P63096,T77A,train
P63096,I78A,train
P63096,Q79A,train
P63096,S80A,train
P63096,I81A,train
P63096,I82A,train
P63096,A83G,train
P63096,I84A,train
P63096,I85A,train
P63096,R86A,train
P63096,A87G,train
P63096,M88A,train
P63096,G89A,train
P63096,R90A,train
P63096,L91A,train
P63096,K92A,train
P63096,I93A,train
P63096,D94A,train
P63096,F95A,train
P63096,G96A,train
P63096,D97A,train
P63096,S98A,train
P63096,A99G,train
P63096,R100A,train
P63096,A101G,train
P63096,D102A,train
P63096,D103A,train
P63096,A104G,train
P63096,R105A,train
P63096,Q106A,train
P63096,L107A,train
P63096,F108A,train
P63096,V109A,train
P63096,L110A,train
P63096,A111G,train
P63096,G112A,train
P63096,A113G,train
P63096,A114G,train
P63096,E115A,train
P63096,E116A,train
P63096,G117A,train
P63096,F118A,train
P63096,M119A,train
P63096,T120A,train
P63096,A121G,train
P63096,E122A,train
P63096,L123A,train
P63096,A124G,train
P63096,G125A,train
P63096,V126A,train
P63096,I127A,train
P63096,K128A,train
P63096,R129A,train
P63096,L130A,train
P63096,W131A,train
P63096,K132A,train
P63096,D133A,train
P63096,S134A,train
P63096,G135A,train
P63096,V136A,train
P63096,Q137A,train
P63096,A138G,train
P63096,C139A,train
P63096,F140A,train
P63096,N141A,train
P63096,S143A,train
P63096,R144A,train
P63096,E145A,train
P63096,Y146A,train
P63096,Q147A,train
P63096,L148A,train
P63096,N149A,train
P63096,D150A,train
P63096,S151A,train
P63096,A152G,train
P63096,A153G,train
P63096,Y154A,train
P63096,Y155A,train
P63096,L156A,train
P63096,N157A,train
P63096,D158A,train
P63096,L159A,train
P63096,D160A,train
P63096,R161A,train
P63096,I162A,train
P63096,A163G,train
P63096,Q164A,train
P63096,P165A,train
P63096,N166A,train
P63096,Y167A,train
P63096,I168A,train
P63096,P169A,train
P63096,T170A,train
P63096,Q171A,train
P63096,Q172A,train
P63096,D173A,train
P63096,V174A,train
P63096,L175A,train
P63096,R176A,train
P63096,T177A,train
P63096,R178A,train
P63096,V179A,train
P63096,K180A,train
P63096,T181A,train
P63096,T182A,train
P63096,G183A,train
P63096,I184A,train
P63096,V185A,train
P63096,E186A,train
P63096,T187A,train
P63096,H188A,train
P63096,F189A,train
P63096,T190A,train
P63096,F191A,train
P63096,K192A,train
P63096,D193A,train
P63096,L194A,train
P63096,H195A,train
P63096,F196A,train
P63096,K197A,train
P63096,M198A,train
P63096,F199A,train
P63096,D200A,train
P63096,V201A,train
P63096,G202A,train
P63096,G203A,train
P63096,Q204A,train
P63096,R205A,train
P63096,S206A,train
P63096,E207A,train
P63096,R208A,train
P63096,K209A,train
P63096,K210A,train
P63096,W211A,train
P63096,I212A,train
P63096,H213A,train
P63096,C214A,train
P63096,F215A,train
P63096,E216A,train
P63096,G217A,train
P63096,V218A,train
P63096,T219A,train
P63096,A220G,train
P63096,I221A,train
P63096,I222A,train
P63096,F223A,train
P63096,C224A,train
P63096,V225A,train
P63096,A226G,train
P63096,L227A,train
P63096,S228A,train
P63096,D229A,train
P63096,D231A,train
P63096,L232A,train
P63096,V233A,train
P63096,L234A,train
P63096,A235G,train
P63096,E236A,train
P63096,D237A,train
P63096,E238A,train
P63096,E239A,train
P63096,M240A,train
P63096,N241A,train
P63096,R242A,train
P63096,M243A,train
P63096,H244A,train
P63096,E245A,train
P63096,S246A,train
P63096,M247A,train
P63096,K248A,train
P63096,L249A,train
P63096,F250A,train
P63096,D251A,train
P63096,S252A,train
P63096,I253A,train
P63096,C254A,train
P63096,N255A,train
P63096,N256A,train
P63096,K257A,train
P63096,W258A,train
P63096,F259A,train
P63096,T260A,train
P63096,D261A,train
P63096,T262A,train
P63096,S263A,train
P63096,I264A,train
P63096,I265A,train
P63096,L266A,train
P63096,F267A,train
P63096,L268A,train
P63096,N269A,train
P63096,K271A,train
P63096,L273A,train
P63096,F274A,train
P63096,E275A,train
P63096,E276A,train
P63096,K277A,train
P63096,I278A,train
P63096,K279A,train
P63096,K280A,train
P63096,S281A,train
P63096,P282A,train
P63096,L283A,train
P63096,T284A,train
P63096,I285A,train
P63096,C286A,train
P63096,Y287A,train
P63096,P288A,train
P63096,E289A,train
P63096,Y290A,train
P63096,A291G,train
P63096,G292A,train
P63096,S293A,train
P63096,N294A,train
P63096,T295A,train
P63096,Y296A,train
P63096,E297A,train
P63096,E298A,train
P63096,A299G,train
P63096,A300G,train
P63096,A301G,train
P63096,Y302A,train
P63096,I303A,train
P63096,Q304A,train
P63096,C305A,train
P63096,Q306A,train
P63096,F307A,train
P63096,E308A,train
P63096,D309A,train
P63096,L310A,train
P63096,N311A,train
P63096,K312A,train
P63096,R313A,train
P63096,K314A,train
P63096,D315A,train
P63096,T316A,train
P63096,K317A,train
P63096,E318A,train
P63096,I319A,train
P63096,Y320A,train
P63096,T321A,train
P63096,H322A,train
P63096,F323A,train
P63096,T324A,train
P63096,C325A,train
P63096,A326G,train
P63096,T327A,train
P63096,D328A,train
P63096,T329A,train
P63096,K330A,train
P63096,N331A,train
P63096,V332A,train
P63096,Q333A,train
P63096,F334A,train
P63096,V335A,train
P63096,D337A,train
P63096,A338G,train
P63096,V339A,train
P63096,T340A,train
P63096,D341A,train
P63096,V342A,train
P63096,I343A,train
P63096,I344A,train
P63096,K345A,train
P63096,N346A,train
P63096,N347A,train
P63096,L348A,train
P63096,K349A,train
P63096,D350A,train
P63096,C351A,train
P63096,G352A,train
P63096,L353A,train
P63096,F354A,train
Q7YUF0,A416E_R417K_D420Q_I422L,train
P23526,E411D_K412N_A414C_Y416F,train
P61914,WT,train
Q2YD82,WT,train
P00445,G86R,-
